TI1K_IMAGE_0001.jpg 0.14706 0.30719 0.60294 0.88235 0.51961 0.61275 0.46732 0.39379
TI1K_IMAGE_0002.jpg 0.13562 0.31536 0.58824 0.91667 0.49673 0.55556 0.47386 0.42974
TI1K_IMAGE_0003.jpg 0.16503 0.30719 0.57026 0.91667 0.50327 0.55229 0.47549 0.43301
TI1K_IMAGE_0004.jpg 0.15523 0.31046 0.56373 0.89052 0.50000 0.54575 0.48039 0.43627
TI1K_IMAGE_0005.jpg 0.14706 0.34804 0.59314 0.88562 0.49673 0.55556 0.47222 0.44444
TI1K_IMAGE_0006.jpg 0.18137 0.34314 0.58987 0.84314 0.50980 0.55882 0.47876 0.45425
TI1K_IMAGE_0007.jpg 0.16503 0.34314 0.58170 0.88072 0.50817 0.55882 0.48039 0.46242
TI1K_IMAGE_0008.jpg 0.17810 0.34477 0.59150 0.90196 0.50490 0.56046 0.48529 0.46569
TI1K_IMAGE_0009.jpg 0.14542 0.32516 0.60621 0.92647 0.50817 0.55719 0.48693 0.46569
TI1K_IMAGE_0010.jpg 0.27451 0.35131 0.62582 1.00000 0.53268 0.49346 0.50490 0.42157
TI1K_IMAGE_0011.jpg 0.29248 0.34150 0.62745 1.00000 0.54575 0.50163 0.49837 0.40686
TI1K_IMAGE_0012.jpg 0.26634 0.32516 0.63725 1.00000 0.55882 0.49673 0.49020 0.39706
TI1K_IMAGE_0013.jpg 0.22549 0.29085 0.67320 1.00000 0.57190 0.49837 0.48203 0.36928
TI1K_IMAGE_0014.jpg 0.24346 0.27614 0.67157 1.00000 0.58007 0.49673 0.47059 0.34314
TI1K_IMAGE_0015.jpg 0.19771 0.23203 0.68627 1.00000 0.59314 0.51144 0.46242 0.32680
TI1K_IMAGE_0016.jpg 0.21569 0.19935 0.70425 1.00000 0.60784 0.53431 0.45915 0.28268
TI1K_IMAGE_0017.jpg 0.21242 0.16830 0.71078 0.96569 0.61928 0.54412 0.45752 0.25163
TI1K_IMAGE_0018.jpg 0.23856 0.15359 0.75163 0.95588 0.62908 0.58170 0.45915 0.23366
TI1K_IMAGE_0019.jpg 0.16503 0.34641 0.60948 0.91830 0.51307 0.56209 0.48366 0.46895
TI1K_IMAGE_0020.jpg 0.23693 0.12092 0.72386 0.94118 0.65033 0.59150 0.46569 0.20915
TI1K_IMAGE_0021.jpg 0.25327 0.10458 0.77124 0.96242 0.66013 0.58007 0.46895 0.19608
TI1K_IMAGE_0022.jpg 0.24510 0.13072 0.75980 0.95098 0.66830 0.57843 0.46895 0.19281
TI1K_IMAGE_0023.jpg 0.23039 0.11601 0.78268 0.93301 0.67974 0.57516 0.48366 0.18954
TI1K_IMAGE_0024.jpg 0.23366 0.12092 0.79085 0.95098 0.67974 0.56209 0.50163 0.20261
TI1K_IMAGE_0025.jpg 0.26634 0.14869 0.79575 0.94608 0.70098 0.57680 0.53105 0.22549
TI1K_IMAGE_0026.jpg 0.26634 0.15523 0.82026 0.98529 0.72549 0.59150 0.56863 0.24183
TI1K_IMAGE_0027.jpg 0.29739 0.15850 0.84314 0.94935 0.73039 0.60458 0.58170 0.25327
TI1K_IMAGE_0028.jpg 0.30392 0.19118 0.83333 0.92484 0.73693 0.61111 0.60784 0.27288
TI1K_IMAGE_0029.jpg 0.26634 0.18464 0.85621 0.98039 0.75490 0.62745 0.63562 0.30229
TI1K_IMAGE_0030.jpg 0.15686 0.34804 0.61111 0.87255 0.51634 0.56863 0.48856 0.46732
TI1K_IMAGE_0031.jpg 0.31536 0.19771 0.88235 0.97222 0.76471 0.62582 0.65850 0.32026
TI1K_IMAGE_0032.jpg 0.33170 0.26797 0.89869 0.97712 0.76634 0.61601 0.68301 0.37418
TI1K_IMAGE_0033.jpg 0.31373 0.30719 0.87255 0.95752 0.76144 0.60948 0.69444 0.40033
TI1K_IMAGE_0034.jpg 0.34804 0.33333 0.83824 0.94281 0.76307 0.60294 0.70261 0.41993
TI1K_IMAGE_0035.jpg 0.35458 0.35458 0.83333 0.93954 0.75327 0.61275 0.71078 0.44608
TI1K_IMAGE_0036.jpg 0.36601 0.38725 0.82680 0.95588 0.75980 0.61111 0.71732 0.46242
TI1K_IMAGE_0037.jpg 0.33170 0.37582 0.84150 1.00000 0.76144 0.60294 0.72386 0.49673
TI1K_IMAGE_0038.jpg 0.35294 0.40196 0.83824 0.99346 0.76307 0.60131 0.72222 0.51307
TI1K_IMAGE_0039.jpg 0.34641 0.40523 0.83333 1.00000 0.75817 0.60784 0.72222 0.52451
TI1K_IMAGE_0040.jpg 0.34804 0.42974 0.81863 1.00000 0.75000 0.60784 0.72059 0.52614
TI1K_IMAGE_0041.jpg 0.18464 0.34641 0.58824 0.85784 0.52941 0.60131 0.48529 0.41503
TI1K_IMAGE_0042.jpg 0.16013 0.31536 0.60458 0.87582 0.51471 0.57353 0.48529 0.47549
TI1K_IMAGE_0043.jpg 0.36111 0.39379 0.87908 1.00000 0.74673 0.59967 0.71078 0.52778
TI1K_IMAGE_0044.jpg 0.31373 0.40359 0.87418 1.00000 0.74673 0.60458 0.71405 0.53268
TI1K_IMAGE_0045.jpg 0.36111 0.41830 0.83497 0.99673 0.75163 0.60294 0.71242 0.52614
TI1K_IMAGE_0046.jpg 0.31046 0.38072 0.82353 1.00000 0.74673 0.61275 0.71078 0.52614
TI1K_IMAGE_0047.jpg 0.29085 0.41340 0.85294 1.00000 0.75980 0.62418 0.71242 0.51634
TI1K_IMAGE_0048.jpg 0.32516 0.40686 0.85458 1.00000 0.76961 0.64216 0.71078 0.48039
TI1K_IMAGE_0049.jpg 0.38725 0.33660 0.85948 0.99346 0.77778 0.64379 0.71242 0.43627
TI1K_IMAGE_0050.jpg 0.34804 0.32353 0.86111 0.99346 0.78595 0.65686 0.69771 0.39869
TI1K_IMAGE_0051.jpg 0.28922 0.30556 0.91013 1.00000 0.79248 0.69118 0.69935 0.37418
TI1K_IMAGE_0052.jpg 0.27124 0.26144 0.91013 0.99837 0.78758 0.70425 0.67974 0.34641
TI1K_IMAGE_0053.jpg 0.17810 0.35131 0.58497 0.88889 0.51797 0.56863 0.49020 0.47712
TI1K_IMAGE_0054.jpg 0.30065 0.23856 0.90523 0.97712 0.80229 0.72386 0.67647 0.32026
TI1K_IMAGE_0055.jpg 0.32190 0.21405 0.88562 1.00000 0.78595 0.73203 0.66993 0.31863
TI1K_IMAGE_0056.jpg 0.31699 0.20752 0.88562 0.97712 0.78431 0.74346 0.66176 0.29575
TI1K_IMAGE_0057.jpg 0.31699 0.21569 0.87908 0.96732 0.79575 0.77614 0.66013 0.28431
TI1K_IMAGE_0058.jpg 0.30556 0.17484 0.86438 0.97386 0.78758 0.77778 0.64869 0.26797
TI1K_IMAGE_0059.jpg 0.30229 0.16830 0.87908 0.98693 0.78268 0.78758 0.64052 0.25980
TI1K_IMAGE_0060.jpg 0.28105 0.15033 0.86928 0.98529 0.77778 0.80392 0.63725 0.24183
TI1K_IMAGE_0061.jpg 0.33170 0.16340 0.85294 0.97549 0.77288 0.81699 0.63235 0.23856
TI1K_IMAGE_0062.jpg 0.30065 0.16340 0.85294 0.96405 0.76144 0.80392 0.62745 0.24837
TI1K_IMAGE_0063.jpg 0.30065 0.18627 0.84314 0.96895 0.75817 0.76961 0.63072 0.24346
TI1K_IMAGE_0064.jpg 0.17647 0.35131 0.58333 0.86111 0.51797 0.57190 0.48693 0.47549
TI1K_IMAGE_0065.jpg 0.30556 0.18791 0.86275 0.99020 0.75654 0.75163 0.63399 0.27778
TI1K_IMAGE_0066.jpg 0.27941 0.23039 0.82843 0.99510 0.73693 0.73039 0.63725 0.31373
TI1K_IMAGE_0067.jpg 0.23203 0.23529 0.80229 0.99183 0.71569 0.70752 0.63072 0.35458
TI1K_IMAGE_0068.jpg 0.20261 0.27778 0.79085 0.99837 0.70425 0.68954 0.62908 0.41340
TI1K_IMAGE_0069.jpg 0.21078 0.30556 0.78922 1.00000 0.68954 0.68464 0.61928 0.43791
TI1K_IMAGE_0070.jpg 0.22712 0.38072 0.79085 0.99673 0.68137 0.68791 0.61275 0.47712
TI1K_IMAGE_0071.jpg 0.19444 0.37582 0.75490 0.99346 0.64706 0.68627 0.61111 0.50000
TI1K_IMAGE_0072.jpg 0.21078 0.37418 0.74673 1.00000 0.64216 0.67974 0.59314 0.51797
TI1K_IMAGE_0073.jpg 0.21078 0.40686 0.74510 1.00000 0.63399 0.67647 0.58333 0.52451
TI1K_IMAGE_0074.jpg 0.17484 0.40850 0.72876 0.99346 0.61601 0.66830 0.58170 0.53595
TI1K_IMAGE_0075.jpg 0.15686 0.37908 0.59804 0.89052 0.50980 0.57353 0.48366 0.48366
TI1K_IMAGE_0076.jpg 0.19608 0.39542 0.79412 0.99020 0.60458 0.65850 0.57190 0.53431
TI1K_IMAGE_0077.jpg 0.19771 0.36601 0.71242 0.97222 0.60458 0.66013 0.56699 0.53268
TI1K_IMAGE_0078.jpg 0.18954 0.39379 0.68464 0.96895 0.58660 0.65850 0.55392 0.53922
TI1K_IMAGE_0079.jpg 0.19444 0.40196 0.69444 0.99346 0.58497 0.65359 0.55719 0.55065
TI1K_IMAGE_0080.jpg 0.15523 0.36928 0.68954 1.00000 0.58007 0.65033 0.54575 0.54412
TI1K_IMAGE_0081.jpg 0.16830 0.40033 0.66830 0.98203 0.56699 0.64379 0.53758 0.55882
TI1K_IMAGE_0082.jpg 0.16340 0.38889 0.67810 0.98366 0.56373 0.64706 0.54085 0.55065
TI1K_IMAGE_0083.jpg 0.14869 0.41667 0.67157 0.99837 0.56373 0.64379 0.54412 0.56373
TI1K_IMAGE_0084.jpg 0.16176 0.41340 0.68627 0.99837 0.57516 0.65686 0.52941 0.56209
TI1K_IMAGE_0085.jpg 0.12745 0.41667 0.69935 1.00000 0.56536 0.64706 0.53595 0.56209
TI1K_IMAGE_0086.jpg 0.14706 0.34967 0.58660 0.89706 0.50980 0.57516 0.48856 0.48039
TI1K_IMAGE_0087.jpg 0.17647 0.41830 0.64542 1.00000 0.56373 0.64706 0.53595 0.57680
TI1K_IMAGE_0088.jpg 0.16830 0.45588 0.61928 0.99510 0.55719 0.66340 0.52778 0.58333
TI1K_IMAGE_0089.jpg 0.11111 0.45261 0.66667 1.00000 0.55556 0.66013 0.53595 0.58170
TI1K_IMAGE_0090.jpg 0.19281 0.46078 0.64869 1.00000 0.55556 0.67157 0.51797 0.58497
TI1K_IMAGE_0091.jpg 0.11275 0.42484 0.64216 1.00000 0.53922 0.66340 0.50654 0.56863
TI1K_IMAGE_0092.jpg 0.11765 0.43791 0.65359 1.00000 0.54902 0.67484 0.50490 0.56699
TI1K_IMAGE_0093.jpg 0.09314 0.43954 0.66830 1.00000 0.53268 0.69281 0.48693 0.53758
TI1K_IMAGE_0094.jpg 0.06863 0.39216 0.61111 1.00000 0.52614 0.68627 0.47059 0.51307
TI1K_IMAGE_0095.jpg 0.07680 0.36111 0.62582 1.00000 0.52614 0.68464 0.44771 0.47386
TI1K_IMAGE_0096.jpg 0.02451 0.33497 0.60621 1.00000 0.50490 0.69608 0.43791 0.44771
TI1K_IMAGE_0097.jpg 0.17974 0.35458 0.59150 0.90033 0.50654 0.56863 0.48693 0.47549
TI1K_IMAGE_0098.jpg 0.08987 0.33007 0.59641 0.98203 0.50163 0.69118 0.42320 0.43137
TI1K_IMAGE_0099.jpg 0.03595 0.31373 0.57680 0.99837 0.47876 0.69281 0.41176 0.39379
TI1K_IMAGE_0100.jpg 0.04412 0.27451 0.56373 0.95098 0.46569 0.69608 0.38072 0.36765
TI1K_IMAGE_0101.jpg 0.00163 0.35948 0.44281 1.00000 0.33497 0.64052 0.29739 0.50817
TI1K_IMAGE_0102.jpg 0.00000 0.38235 0.37908 0.96242 0.32516 0.63072 0.28595 0.53105
TI1K_IMAGE_0103.jpg 0.00163 0.35948 0.44118 1.00000 0.32026 0.65359 0.28595 0.53268
TI1K_IMAGE_0104.jpg 0.00163 0.39706 0.41993 0.99510 0.31699 0.63562 0.29248 0.54902
TI1K_IMAGE_0105.jpg 0.00327 0.39379 0.41013 0.99837 0.31373 0.64706 0.28268 0.55229
TI1K_IMAGE_0106.jpg 0.00654 0.40359 0.40523 1.00000 0.32026 0.64379 0.27778 0.55882
TI1K_IMAGE_0107.jpg 0.00817 0.42320 0.38072 0.97876 0.31699 0.66176 0.27288 0.54902
TI1K_IMAGE_0108.jpg 0.00327 0.41667 0.38399 0.97549 0.31699 0.66830 0.28758 0.53922
TI1K_IMAGE_0109.jpg 0.12092 0.37092 0.61601 0.95752 0.50654 0.57190 0.48203 0.48856
TI1K_IMAGE_0110.jpg 0.00980 0.39542 0.42484 0.94608 0.33007 0.67974 0.27941 0.49510
TI1K_IMAGE_0111.jpg 0.01307 0.34804 0.44444 0.98039 0.35784 0.70915 0.27941 0.42974
TI1K_IMAGE_0112.jpg 0.00163 0.28595 0.46078 1.00000 0.38072 0.75163 0.27941 0.37908
TI1K_IMAGE_0113.jpg 0.00817 0.24510 0.47386 1.00000 0.39052 0.77614 0.27941 0.31699
TI1K_IMAGE_0114.jpg 0.00817 0.19935 0.50490 1.00000 0.38399 0.78922 0.27288 0.29412
TI1K_IMAGE_0115.jpg 0.00327 0.18627 0.48529 1.00000 0.39542 0.80392 0.26797 0.27941
TI1K_IMAGE_0116.jpg 0.00654 0.17647 0.51471 1.00000 0.40686 0.79739 0.27124 0.25000
TI1K_IMAGE_0117.jpg 0.00817 0.14052 0.53758 1.00000 0.42157 0.79085 0.28431 0.23366
TI1K_IMAGE_0118.jpg 0.00327 0.11111 0.52778 0.99837 0.44281 0.78268 0.29085 0.21732
TI1K_IMAGE_0119.jpg 0.00980 0.11438 0.54412 0.98693 0.43791 0.78431 0.29739 0.21078
TI1K_IMAGE_0120.jpg 0.16993 0.33333 0.59150 0.88725 0.51144 0.57843 0.48529 0.47059
TI1K_IMAGE_0121.jpg 0.00490 0.10784 0.56536 0.98203 0.44281 0.79085 0.30719 0.20915
TI1K_IMAGE_0122.jpg 0.01144 0.11601 0.54412 0.95098 0.45752 0.78105 0.31373 0.21405
TI1K_IMAGE_0123.jpg 0.00817 0.12255 0.56863 0.96405 0.45752 0.76634 0.31863 0.20752
TI1K_IMAGE_0124.jpg 0.00817 0.11601 0.58007 0.95752 0.46078 0.75817 0.32843 0.21569
TI1K_IMAGE_0125.jpg 0.00654 0.09314 0.57680 0.96895 0.46078 0.73366 0.33497 0.21242
TI1K_IMAGE_0126.jpg 0.01471 0.12745 0.58170 0.92974 0.47876 0.70425 0.35621 0.21242
TI1K_IMAGE_0127.jpg 0.04085 0.19935 0.56046 0.92320 0.47059 0.68301 0.38399 0.28595
TI1K_IMAGE_0128.jpg 0.01471 0.22549 0.57516 0.94444 0.47222 0.66176 0.38725 0.33987
TI1K_IMAGE_0129.jpg 0.03758 0.26961 0.56863 0.93464 0.46242 0.64869 0.39216 0.37092
TI1K_IMAGE_0130.jpg 0.01961 0.26961 0.56046 0.96242 0.46242 0.63399 0.40196 0.40523
TI1K_IMAGE_0131.jpg 0.13399 0.33824 0.62092 0.89379 0.51307 0.58007 0.49510 0.46732
TI1K_IMAGE_0132.jpg 0.02614 0.32680 0.54248 0.92484 0.45588 0.63562 0.40359 0.46405
TI1K_IMAGE_0133.jpg 0.05229 0.35784 0.52451 0.96732 0.45098 0.63072 0.41503 0.49673
TI1K_IMAGE_0134.jpg 0.04085 0.36111 0.55065 0.91503 0.45261 0.63235 0.41667 0.52451
TI1K_IMAGE_0135.jpg 0.06699 0.39542 0.51471 0.95588 0.44281 0.63399 0.41993 0.53758
TI1K_IMAGE_0136.jpg 0.07190 0.38725 0.51634 0.96405 0.44118 0.62092 0.41667 0.54739
TI1K_IMAGE_0137.jpg 0.07516 0.39869 0.53105 0.94118 0.44608 0.63072 0.41340 0.55719
TI1K_IMAGE_0138.jpg 0.07353 0.40686 0.53105 0.94118 0.44608 0.62418 0.42320 0.56046
TI1K_IMAGE_0139.jpg 0.08497 0.40686 0.51307 0.94118 0.44281 0.61275 0.40359 0.55882
TI1K_IMAGE_0140.jpg 0.06863 0.40196 0.53268 0.95915 0.43627 0.62255 0.41830 0.55556
TI1K_IMAGE_0141.jpg 0.07516 0.42647 0.50980 0.93301 0.43791 0.62908 0.41667 0.56046
TI1K_IMAGE_0142.jpg 0.11438 0.33007 0.60948 0.90523 0.51797 0.57516 0.48366 0.42157
TI1K_IMAGE_0143.jpg 0.16830 0.38235 0.60458 0.88889 0.51471 0.58333 0.49183 0.45425
TI1K_IMAGE_0144.jpg 0.04248 0.42810 0.52451 0.96405 0.44281 0.64216 0.41993 0.56373
TI1K_IMAGE_0145.jpg 0.07353 0.40686 0.51797 0.97712 0.44118 0.64379 0.41503 0.55719
TI1K_IMAGE_0146.jpg 0.05882 0.42810 0.53268 0.96732 0.44444 0.64706 0.41830 0.53105
TI1K_IMAGE_0147.jpg 0.03431 0.39052 0.55065 0.97222 0.44281 0.65196 0.40686 0.50327
TI1K_IMAGE_0148.jpg 0.05392 0.38399 0.53595 0.97059 0.44608 0.66667 0.40523 0.48529
TI1K_IMAGE_0149.jpg 0.03105 0.36111 0.55229 0.98366 0.45098 0.66503 0.40033 0.45425
TI1K_IMAGE_0150.jpg 0.03105 0.34641 0.54412 0.97222 0.46242 0.67810 0.39542 0.42810
TI1K_IMAGE_0151.jpg 0.04575 0.31536 0.54739 0.94281 0.46895 0.69444 0.39216 0.40033
TI1K_IMAGE_0152.jpg 0.03268 0.27941 0.53268 0.99837 0.47386 0.71569 0.38725 0.37582
TI1K_IMAGE_0153.jpg 0.03595 0.28595 0.55065 0.98366 0.47222 0.70261 0.38235 0.34641
TI1K_IMAGE_0154.jpg 0.16176 0.33660 0.56699 0.94935 0.51797 0.60458 0.49183 0.44118
TI1K_IMAGE_0155.jpg 0.02614 0.25490 0.58333 0.97386 0.48039 0.71895 0.39052 0.34641
TI1K_IMAGE_0156.jpg 0.06536 0.24673 0.56536 0.93137 0.48203 0.73856 0.40523 0.32843
TI1K_IMAGE_0157.jpg 0.06046 0.24346 0.61111 0.95425 0.48529 0.75654 0.40850 0.32843
TI1K_IMAGE_0158.jpg 0.05229 0.25163 0.58007 0.95588 0.50163 0.76797 0.41176 0.29575
TI1K_IMAGE_0159.jpg 0.08660 0.24346 0.60458 0.98366 0.51471 0.79739 0.41340 0.30556
TI1K_IMAGE_0160.jpg 0.07026 0.23529 0.60621 0.96405 0.53431 0.78595 0.41503 0.30229
TI1K_IMAGE_0161.jpg 0.11111 0.18791 0.61928 0.97222 0.53922 0.79902 0.43137 0.27288
TI1K_IMAGE_0162.jpg 0.15033 0.17974 0.62255 0.95752 0.54902 0.79412 0.42810 0.27288
TI1K_IMAGE_0163.jpg 0.14052 0.18954 0.65850 0.97549 0.57843 0.79412 0.43464 0.25980
TI1K_IMAGE_0164.jpg 0.15359 0.17320 0.66503 0.93464 0.57190 0.77124 0.44608 0.23693
TI1K_IMAGE_0165.jpg 0.20425 0.35948 0.60131 0.89542 0.51797 0.60948 0.49183 0.42974
TI1K_IMAGE_0166.jpg 0.15359 0.16340 0.66013 0.91176 0.58170 0.76144 0.44608 0.23366
TI1K_IMAGE_0167.jpg 0.13889 0.18791 0.69771 0.95752 0.57190 0.74020 0.46569 0.25163
TI1K_IMAGE_0168.jpg 0.16503 0.17974 0.66993 0.86438 0.56699 0.70261 0.46732 0.25980
TI1K_IMAGE_0169.jpg 0.18137 0.21078 0.66667 0.91993 0.56863 0.68464 0.47876 0.27941
TI1K_IMAGE_0170.jpg 0.17647 0.22386 0.64542 0.90850 0.55556 0.66667 0.47386 0.32516
TI1K_IMAGE_0171.jpg 0.14379 0.27614 0.64706 0.94608 0.56046 0.63235 0.48693 0.36601
TI1K_IMAGE_0172.jpg 0.12908 0.28431 0.65196 0.94771 0.55392 0.64052 0.48856 0.40523
TI1K_IMAGE_0173.jpg 0.14216 0.32843 0.63399 0.91993 0.54739 0.62908 0.49346 0.43791
TI1K_IMAGE_0174.jpg 0.09804 0.30556 0.66830 0.97386 0.54248 0.61765 0.49673 0.45261
TI1K_IMAGE_0175.jpg 0.12092 0.33824 0.63399 0.94444 0.53922 0.60948 0.48693 0.47386
TI1K_IMAGE_0176.jpg 0.14216 0.35784 0.63072 0.90033 0.52941 0.60784 0.48693 0.41830
TI1K_IMAGE_0177.jpg 0.12092 0.33170 0.64379 0.96569 0.53758 0.59641 0.48856 0.47549
TI1K_IMAGE_0178.jpg 0.13072 0.32516 0.65359 0.92647 0.53431 0.59641 0.50490 0.48529
TI1K_IMAGE_0179.jpg 0.12418 0.37582 0.65033 0.97059 0.53758 0.59967 0.49346 0.49183
TI1K_IMAGE_0180.jpg 0.15686 0.34804 0.62908 0.95752 0.52778 0.60458 0.50490 0.49510
TI1K_IMAGE_0181.jpg 0.15359 0.36111 0.62255 0.95425 0.53431 0.61928 0.49510 0.50327
TI1K_IMAGE_0182.jpg 0.15850 0.39706 0.59967 0.95425 0.52778 0.60294 0.50000 0.51144
TI1K_IMAGE_0183.jpg 0.15523 0.37908 0.61275 0.94935 0.53268 0.60621 0.50654 0.51307
TI1K_IMAGE_0184.jpg 0.16503 0.39379 0.60458 0.95915 0.53105 0.60458 0.50817 0.51634
TI1K_IMAGE_0185.jpg 0.16503 0.36928 0.59967 0.96895 0.53758 0.60948 0.50817 0.50980
TI1K_IMAGE_0186.jpg 0.14379 0.36601 0.63562 0.96242 0.53595 0.60948 0.49673 0.50163
TI1K_IMAGE_0187.jpg 0.14379 0.31536 0.59967 0.82843 0.51961 0.62418 0.48203 0.39706
TI1K_IMAGE_0188.jpg 0.16993 0.35621 0.62255 0.94444 0.54248 0.60784 0.50327 0.49183
TI1K_IMAGE_0189.jpg 0.13562 0.37255 0.64052 0.91993 0.54739 0.60621 0.50490 0.49183
TI1K_IMAGE_0190.jpg 0.16176 0.32353 0.63399 0.95915 0.54412 0.59967 0.48856 0.47712
TI1K_IMAGE_0191.jpg 0.13562 0.33170 0.61765 0.85784 0.53922 0.58007 0.50980 0.47386
TI1K_IMAGE_0192.jpg 0.15359 0.33497 0.61438 0.88889 0.52941 0.58824 0.49837 0.45261
TI1K_IMAGE_0193.jpg 0.15523 0.34967 0.60131 0.88399 0.52451 0.59477 0.49673 0.47876
TI1K_IMAGE_0194.jpg 0.15359 0.35131 0.59804 0.88562 0.51471 0.59967 0.48366 0.48366
TI1K_IMAGE_0195.jpg 0.08987 0.33333 0.61601 0.92810 0.51471 0.60131 0.48203 0.48856
TI1K_IMAGE_0196.jpg 0.13399 0.36765 0.60131 0.91013 0.51471 0.61928 0.47712 0.50654
TI1K_IMAGE_0197.jpg 0.10621 0.37908 0.59150 0.90850 0.51144 0.62582 0.48856 0.50490
TI1K_IMAGE_0198.jpg 0.15359 0.31046 0.62745 0.90196 0.53105 0.62092 0.49020 0.37745
TI1K_IMAGE_0199.jpg 0.12418 0.33497 0.58007 0.94281 0.51634 0.62092 0.49020 0.50980
TI1K_IMAGE_0200.jpg 0.14542 0.37745 0.61275 0.96732 0.52614 0.63235 0.48529 0.51144
TI1K_IMAGE_0201.jpg 0.13399 0.36275 0.60784 0.94935 0.52614 0.62255 0.49837 0.50654
TI1K_IMAGE_0202.jpg 0.13399 0.36111 0.63562 0.98039 0.54085 0.61765 0.50163 0.50327
TI1K_IMAGE_0203.jpg 0.08660 0.37092 0.61275 0.98366 0.53431 0.63072 0.50327 0.50817
TI1K_IMAGE_0204.jpg 0.14706 0.35458 0.59314 1.00000 0.52451 0.62255 0.50000 0.50000
TI1K_IMAGE_0205.jpg 0.15523 0.37908 0.57516 0.96569 0.53268 0.62418 0.49510 0.50163
TI1K_IMAGE_0206.jpg 0.13235 0.38235 0.59967 0.97712 0.52614 0.62092 0.50000 0.51307
TI1K_IMAGE_0207.jpg 0.20752 0.18627 0.67320 0.80065 0.58333 0.56699 0.55392 0.26144
TI1K_IMAGE_0208.jpg 0.21569 0.18137 0.67157 0.80392 0.58333 0.56046 0.54902 0.25163
TI1K_IMAGE_0209.jpg 0.18137 0.30065 0.60294 0.87418 0.52614 0.63562 0.47876 0.37418
TI1K_IMAGE_0210.jpg 0.18791 0.16013 0.65686 0.80556 0.58987 0.53922 0.55556 0.23856
TI1K_IMAGE_0211.jpg 0.19118 0.17974 0.64706 0.80065 0.57680 0.56209 0.53758 0.25163
TI1K_IMAGE_0212.jpg 0.19771 0.16340 0.66013 0.83333 0.57516 0.58170 0.54902 0.27288
TI1K_IMAGE_0213.jpg 0.20425 0.17810 0.65523 0.78922 0.58987 0.58170 0.55556 0.25817
TI1K_IMAGE_0214.jpg 0.14379 0.16013 0.64706 0.80065 0.57843 0.58660 0.53758 0.26307
TI1K_IMAGE_0215.jpg 0.14379 0.13399 0.61601 0.79739 0.54902 0.55556 0.51144 0.22549
TI1K_IMAGE_0216.jpg 0.14216 0.27941 0.60458 0.91340 0.53758 0.58497 0.50163 0.40033
TI1K_IMAGE_0217.jpg 0.26307 0.20752 0.63072 0.69935 0.57190 0.39216 0.54902 0.30719
TI1K_IMAGE_0218.jpg 0.19118 0.33660 0.54739 0.75327 0.48856 0.51961 0.46078 0.42157
TI1K_IMAGE_0219.jpg 0.17320 0.33497 0.56209 0.77451 0.49183 0.53595 0.46569 0.42810
TI1K_IMAGE_0220.jpg 0.20425 0.33007 0.55229 0.76144 0.50490 0.52288 0.47386 0.41993
TI1K_IMAGE_0221.jpg 0.19118 0.33007 0.57516 0.80065 0.50817 0.52288 0.48203 0.42974
TI1K_IMAGE_0222.jpg 0.19281 0.33333 0.57190 0.82516 0.50654 0.54412 0.46895 0.40686
TI1K_IMAGE_0223.jpg 0.16503 0.28595 0.60458 0.84967 0.51144 0.64869 0.47222 0.36275
TI1K_IMAGE_0224.jpg 0.06373 0.19771 0.55229 0.89706 0.45752 0.50654 0.41667 0.28595
TI1K_IMAGE_0225.jpg 0.20098 0.32190 0.60458 0.87092 0.53758 0.62418 0.50490 0.41667
TI1K_IMAGE_0226.jpg 0.16667 0.31863 0.59804 0.86928 0.53595 0.62418 0.50490 0.42484
TI1K_IMAGE_0227.jpg 0.16667 0.34314 0.59150 0.84150 0.53268 0.61438 0.50000 0.43464
TI1K_IMAGE_0228.jpg 0.16993 0.30882 0.58007 0.91993 0.52451 0.60131 0.49837 0.43464
TI1K_IMAGE_0229.jpg 0.18791 0.32843 0.57843 0.88235 0.51797 0.60131 0.49346 0.45915
TI1K_IMAGE_0230.jpg 0.15359 0.26471 0.58987 0.84641 0.51471 0.63725 0.46405 0.35458
TI1K_IMAGE_0231.jpg 0.17647 0.32190 0.55882 0.88889 0.50817 0.59477 0.48203 0.47386
TI1K_IMAGE_0232.jpg 0.18137 0.34641 0.56699 0.89869 0.50817 0.58987 0.48529 0.48039
TI1K_IMAGE_0233.jpg 0.16830 0.33333 0.57190 0.88889 0.50654 0.58660 0.48856 0.49510
TI1K_IMAGE_0234.jpg 0.16176 0.33660 0.58333 0.91340 0.50980 0.58660 0.49673 0.49837
TI1K_IMAGE_0235.jpg 0.18301 0.34804 0.57516 0.89706 0.51307 0.58333 0.49673 0.50654
TI1K_IMAGE_0236.jpg 0.21078 0.35131 0.58824 0.92320 0.52288 0.59150 0.50327 0.50817
TI1K_IMAGE_0237.jpg 0.20425 0.35621 0.59314 0.90359 0.52124 0.58660 0.50163 0.50327
TI1K_IMAGE_0238.jpg 0.16503 0.33170 0.57190 0.87418 0.52941 0.58497 0.50490 0.50327
TI1K_IMAGE_0239.jpg 0.19444 0.34477 0.58497 0.87582 0.52451 0.58333 0.51307 0.50163
TI1K_IMAGE_0240.jpg 0.21732 0.34804 0.57516 0.91667 0.52778 0.58170 0.50654 0.50000
TI1K_IMAGE_0241.jpg 0.15850 0.33497 0.59477 0.88072 0.50980 0.57353 0.47876 0.41993
TI1K_IMAGE_0242.jpg 0.17484 0.25163 0.61438 0.84967 0.52614 0.63889 0.46732 0.33497
TI1K_IMAGE_0243.jpg 0.18137 0.34804 0.59477 0.90523 0.52451 0.58987 0.50490 0.49183
TI1K_IMAGE_0244.jpg 0.18137 0.32516 0.58660 0.85621 0.52778 0.58660 0.50163 0.47386
TI1K_IMAGE_0245.jpg 0.19935 0.33170 0.59641 0.87582 0.52778 0.57516 0.50327 0.44444
TI1K_IMAGE_0246.jpg 0.19118 0.28268 0.60621 0.82353 0.53595 0.56373 0.49673 0.41176
TI1K_IMAGE_0247.jpg 0.23203 0.29902 0.60131 0.81046 0.54248 0.54575 0.49673 0.41013
TI1K_IMAGE_0248.jpg 0.16830 0.27451 0.63562 0.87092 0.54085 0.53431 0.49020 0.39706
TI1K_IMAGE_0249.jpg 0.22222 0.25817 0.61275 0.80719 0.53922 0.51634 0.48039 0.37418
TI1K_IMAGE_0250.jpg 0.22549 0.28595 0.60621 0.84150 0.54085 0.50817 0.48039 0.35621
TI1K_IMAGE_0251.jpg 0.17974 0.24673 0.60294 0.82843 0.53268 0.50163 0.46569 0.34967
TI1K_IMAGE_0252.jpg 0.17320 0.25327 0.60784 0.82026 0.51634 0.47712 0.45915 0.34804
TI1K_IMAGE_0253.jpg 0.15196 0.25000 0.61275 0.87092 0.52451 0.64216 0.46405 0.33497
TI1K_IMAGE_0254.jpg 0.18464 0.26961 0.60784 0.80556 0.50980 0.48039 0.46242 0.34314
TI1K_IMAGE_0255.jpg 0.19118 0.28268 0.60131 0.88399 0.51634 0.46242 0.46732 0.36601
TI1K_IMAGE_0256.jpg 0.16340 0.29902 0.63725 0.89869 0.50980 0.44935 0.47059 0.35294
TI1K_IMAGE_0257.jpg 0.18954 0.27778 0.60948 0.86275 0.50490 0.43791 0.48366 0.36438
TI1K_IMAGE_0258.jpg 0.17320 0.27778 0.61275 0.90033 0.49346 0.43137 0.47549 0.36765
TI1K_IMAGE_0259.jpg 0.16013 0.29575 0.62255 0.93301 0.50817 0.42157 0.48529 0.37092
TI1K_IMAGE_0260.jpg 0.18301 0.30065 0.57516 0.93464 0.50000 0.42647 0.49346 0.37908
TI1K_IMAGE_0261.jpg 0.18301 0.30556 0.58497 0.92157 0.50817 0.42974 0.49673 0.39052
TI1K_IMAGE_0262.jpg 0.22059 0.33660 0.57190 0.90850 0.50163 0.42810 0.49510 0.39869
TI1K_IMAGE_0263.jpg 0.15196 0.32353 0.60294 0.97059 0.49346 0.43464 0.49183 0.39706
TI1K_IMAGE_0264.jpg 0.14052 0.24183 0.61928 0.88235 0.52941 0.65033 0.47222 0.32680
TI1K_IMAGE_0265.jpg 0.18791 0.32516 0.58824 0.94935 0.49020 0.43627 0.48366 0.40033
TI1K_IMAGE_0266.jpg 0.17484 0.33333 0.57026 0.94444 0.48366 0.44444 0.47712 0.40359
TI1K_IMAGE_0267.jpg 0.16667 0.34314 0.58333 0.94771 0.47549 0.44608 0.47712 0.40850
TI1K_IMAGE_0268.jpg 0.19118 0.34804 0.55392 0.93627 0.46895 0.45425 0.47222 0.42320
TI1K_IMAGE_0269.jpg 0.14542 0.32680 0.55719 0.95098 0.46732 0.45915 0.46732 0.42974
TI1K_IMAGE_0270.jpg 0.18301 0.34314 0.54412 0.92810 0.46405 0.46569 0.46569 0.43627
TI1K_IMAGE_0271.jpg 0.19771 0.35621 0.56373 0.93137 0.46732 0.47059 0.46732 0.42647
TI1K_IMAGE_0272.jpg 0.16993 0.34641 0.56536 0.93464 0.47222 0.46732 0.47712 0.43301
TI1K_IMAGE_0273.jpg 0.21405 0.35294 0.55556 0.93791 0.47712 0.47549 0.47222 0.42974
TI1K_IMAGE_0274.jpg 0.17157 0.33170 0.57843 0.93464 0.47712 0.47386 0.48039 0.42810
TI1K_IMAGE_0275.jpg 0.17320 0.24346 0.62745 0.87745 0.53431 0.67484 0.47222 0.31863
TI1K_IMAGE_0276.jpg 0.19118 0.33824 0.55882 0.90033 0.48366 0.47222 0.48203 0.42484
TI1K_IMAGE_0277.jpg 0.18791 0.33497 0.57843 0.92810 0.49183 0.47876 0.48366 0.41503
TI1K_IMAGE_0278.jpg 0.19281 0.31536 0.59314 0.89542 0.50163 0.47712 0.48529 0.41503
TI1K_IMAGE_0279.jpg 0.22222 0.28922 0.59314 0.90359 0.52614 0.49346 0.48856 0.39379
TI1K_IMAGE_0280.jpg 0.16503 0.27451 0.65196 0.89542 0.53105 0.51307 0.48203 0.37582
TI1K_IMAGE_0281.jpg 0.20915 0.25980 0.61765 0.83824 0.54739 0.52124 0.48039 0.35458
TI1K_IMAGE_0282.jpg 0.21732 0.25000 0.65686 0.85294 0.55882 0.54412 0.48203 0.33333
TI1K_IMAGE_0283.jpg 0.20588 0.21078 0.66340 0.87255 0.55882 0.55719 0.48203 0.32190
TI1K_IMAGE_0284.jpg 0.21242 0.20752 0.66830 0.88889 0.57190 0.57516 0.48366 0.28595
TI1K_IMAGE_0285.jpg 0.20752 0.20425 0.67157 0.87908 0.59641 0.60294 0.48693 0.27124
TI1K_IMAGE_0286.jpg 0.16176 0.25654 0.61111 0.84150 0.52451 0.66993 0.47059 0.32843
TI1K_IMAGE_0287.jpg 0.19608 0.18301 0.68627 0.84641 0.60948 0.61765 0.49673 0.26634
TI1K_IMAGE_0288.jpg 0.24346 0.16503 0.69281 0.90359 0.61111 0.63072 0.49673 0.25817
TI1K_IMAGE_0289.jpg 0.26961 0.18137 0.68464 0.85784 0.61275 0.64216 0.49346 0.25000
TI1K_IMAGE_0290.jpg 0.24673 0.16176 0.70588 0.85784 0.61928 0.64216 0.50163 0.23856
TI1K_IMAGE_0291.jpg 0.25000 0.16013 0.68791 0.80065 0.61438 0.63072 0.51144 0.23693
TI1K_IMAGE_0292.jpg 0.18954 0.14052 0.68627 0.85948 0.61765 0.62908 0.50817 0.23529
TI1K_IMAGE_0293.jpg 0.19444 0.17320 0.71078 0.84477 0.62092 0.61438 0.52941 0.25654
TI1K_IMAGE_0294.jpg 0.22712 0.21895 0.69608 0.83007 0.60948 0.60784 0.53922 0.28758
TI1K_IMAGE_0295.jpg 0.22386 0.23856 0.67974 0.85621 0.60458 0.57843 0.54412 0.33333
TI1K_IMAGE_0296.jpg 0.25327 0.30719 0.66993 0.80065 0.59477 0.56046 0.55392 0.38562
TI1K_IMAGE_0297.jpg 0.19281 0.26471 0.59150 0.85784 0.52941 0.67810 0.47549 0.34150
TI1K_IMAGE_0298.jpg 0.24510 0.28758 0.66503 0.81373 0.58824 0.55065 0.55392 0.41993
TI1K_IMAGE_0299.jpg 0.24020 0.32516 0.66013 0.80556 0.58497 0.54248 0.55882 0.44935
TI1K_IMAGE_0300.jpg 0.25000 0.31373 0.67320 0.83497 0.58660 0.55065 0.56209 0.45915
TI1K_IMAGE_0301.jpg 0.26634 0.31863 0.65196 0.83170 0.58170 0.53922 0.56699 0.47712
TI1K_IMAGE_0302.jpg 0.24183 0.31046 0.67810 0.83987 0.59150 0.55065 0.57353 0.48039
TI1K_IMAGE_0303.jpg 0.22876 0.31863 0.70261 0.86275 0.58824 0.55065 0.57516 0.49346
TI1K_IMAGE_0304.jpg 0.23856 0.34477 0.67810 0.87908 0.58824 0.56046 0.57843 0.50163
TI1K_IMAGE_0305.jpg 0.26307 0.38072 0.66013 0.84314 0.59150 0.56536 0.57680 0.50490
TI1K_IMAGE_0306.jpg 0.25000 0.33987 0.68464 0.85458 0.60621 0.60621 0.58007 0.46078
TI1K_IMAGE_0307.jpg 0.26144 0.30392 0.68464 0.85458 0.61928 0.61765 0.58007 0.43464
TI1K_IMAGE_0308.jpg 0.23529 0.30065 0.71569 0.86111 0.62255 0.63235 0.57680 0.39869
TI1K_IMAGE_0309.jpg 0.24837 0.28431 0.69444 0.89706 0.62908 0.63889 0.57353 0.36601
TI1K_IMAGE_0310.jpg 0.22712 0.24837 0.70098 0.86111 0.63072 0.65196 0.57190 0.33660
TI1K_IMAGE_0311.jpg 0.27451 0.22386 0.70915 0.88235 0.62745 0.65359 0.57026 0.31699
TI1K_IMAGE_0312.jpg 0.25000 0.20425 0.72059 0.89216 0.62908 0.66176 0.56046 0.29248
TI1K_IMAGE_0313.jpg 0.22712 0.18954 0.70098 0.85784 0.62582 0.67157 0.56699 0.28431
TI1K_IMAGE_0314.jpg 0.16830 0.26634 0.60948 0.91503 0.52451 0.64542 0.47222 0.35784
TI1K_IMAGE_0315.jpg 0.22222 0.20915 0.70915 0.84477 0.62582 0.66667 0.56536 0.27941
TI1K_IMAGE_0316.jpg 0.26144 0.18301 0.72549 0.88072 0.63072 0.67157 0.56536 0.27778
TI1K_IMAGE_0317.jpg 0.26634 0.20425 0.70752 0.87255 0.62582 0.66830 0.56863 0.28595
TI1K_IMAGE_0318.jpg 0.27614 0.21078 0.69118 0.88235 0.61438 0.66830 0.56373 0.29248
TI1K_IMAGE_0319.jpg 0.25817 0.22712 0.68627 0.88889 0.61275 0.67157 0.55882 0.30882
TI1K_IMAGE_0320.jpg 0.24020 0.23693 0.68137 0.89379 0.60621 0.65850 0.55882 0.31699
TI1K_IMAGE_0321.jpg 0.24183 0.26961 0.69118 0.91830 0.60948 0.64216 0.55719 0.34477
TI1K_IMAGE_0322.jpg 0.18301 0.32026 0.71732 0.89706 0.60131 0.63562 0.56536 0.42810
TI1K_IMAGE_0323.jpg 0.23693 0.36438 0.66667 0.86601 0.59641 0.62745 0.57516 0.46078
TI1K_IMAGE_0324.jpg 0.22876 0.38399 0.68464 0.90850 0.60131 0.62255 0.57190 0.47549
TI1K_IMAGE_0325.jpg 0.16993 0.29575 0.59150 0.88399 0.52941 0.63725 0.47876 0.36765
TI1K_IMAGE_0326.jpg 0.22059 0.37908 0.67810 0.88072 0.58824 0.62255 0.57516 0.49837
TI1K_IMAGE_0327.jpg 0.23693 0.41667 0.68954 0.90686 0.58824 0.61765 0.57353 0.52288
TI1K_IMAGE_0328.jpg 0.17320 0.38235 0.73366 0.90359 0.58333 0.62582 0.56699 0.54085
TI1K_IMAGE_0329.jpg 0.22386 0.40359 0.68464 0.88235 0.57843 0.61928 0.56699 0.55392
TI1K_IMAGE_0330.jpg 0.23203 0.42810 0.66503 0.89216 0.57680 0.62255 0.57026 0.56373
TI1K_IMAGE_0331.jpg 0.21895 0.42484 0.64869 0.87745 0.57843 0.61111 0.56373 0.55719
TI1K_IMAGE_0332.jpg 0.20752 0.42974 0.64706 0.86601 0.56863 0.61438 0.56046 0.56046
TI1K_IMAGE_0333.jpg 0.25000 0.44771 0.62255 0.85458 0.57026 0.61765 0.56046 0.56699
TI1K_IMAGE_0334.jpg 0.24510 0.43301 0.63725 0.87255 0.57353 0.61601 0.55882 0.56699
TI1K_IMAGE_0335.jpg 0.23693 0.44935 0.64216 0.90523 0.57353 0.62418 0.55556 0.56863
TI1K_IMAGE_0336.jpg 0.16340 0.31373 0.59314 0.92157 0.52288 0.63725 0.47386 0.38399
TI1K_IMAGE_0337.jpg 0.22386 0.44608 0.64052 0.88235 0.56863 0.62418 0.55719 0.56699
TI1K_IMAGE_0338.jpg 0.23856 0.42320 0.62418 0.91176 0.56536 0.63235 0.54902 0.54739
TI1K_IMAGE_0339.jpg 0.23039 0.42320 0.62582 0.87582 0.56699 0.62908 0.55556 0.53105
TI1K_IMAGE_0340.jpg 0.23039 0.38562 0.63889 0.91013 0.56536 0.63235 0.55392 0.51144
TI1K_IMAGE_0341.jpg 0.22222 0.39052 0.64379 0.88725 0.57353 0.63725 0.55556 0.48693
TI1K_IMAGE_0342.jpg 0.25163 0.36601 0.64379 0.93627 0.58333 0.64379 0.54902 0.46078
TI1K_IMAGE_0343.jpg 0.22059 0.35131 0.64542 0.88889 0.57680 0.65033 0.54248 0.41667
TI1K_IMAGE_0344.jpg 0.20261 0.29902 0.67320 0.94118 0.58660 0.65850 0.53431 0.37908
TI1K_IMAGE_0345.jpg 0.22549 0.29085 0.65850 0.88562 0.58007 0.66993 0.52941 0.36601
TI1K_IMAGE_0346.jpg 0.23693 0.27124 0.66667 0.87745 0.58660 0.67647 0.52288 0.35948
TI1K_IMAGE_0347.jpg 0.15196 0.31699 0.60131 0.82353 0.52288 0.56536 0.48529 0.42647
TI1K_IMAGE_0348.jpg 0.15196 0.30065 0.58333 0.89706 0.52288 0.62745 0.47712 0.39542
TI1K_IMAGE_0349.jpg 0.23366 0.27614 0.66503 0.89216 0.58333 0.67484 0.52614 0.36438
TI1K_IMAGE_0350.jpg 0.23856 0.28595 0.66176 0.91503 0.58824 0.67810 0.52288 0.35458
TI1K_IMAGE_0351.jpg 0.20915 0.25490 0.66503 0.91503 0.58333 0.65359 0.51634 0.33170
TI1K_IMAGE_0352.jpg 0.21732 0.24510 0.65523 0.91176 0.59150 0.64379 0.50654 0.31536
TI1K_IMAGE_0353.jpg 0.21242 0.23529 0.66176 0.90523 0.58987 0.65359 0.50163 0.31046
TI1K_IMAGE_0354.jpg 0.18627 0.24020 0.66993 0.86601 0.58007 0.63235 0.51144 0.32680
TI1K_IMAGE_0355.jpg 0.21405 0.27941 0.65359 0.88072 0.58170 0.62745 0.51144 0.34641
TI1K_IMAGE_0356.jpg 0.19771 0.29575 0.64706 0.88889 0.57353 0.62092 0.51797 0.37418
TI1K_IMAGE_0357.jpg 0.17320 0.33824 0.63562 0.90686 0.55392 0.60294 0.51144 0.41830
TI1K_IMAGE_0358.jpg 0.16830 0.34967 0.61275 0.89706 0.54412 0.58497 0.51961 0.42810
TI1K_IMAGE_0359.jpg 0.18301 0.34314 0.59150 0.92484 0.51634 0.61928 0.47876 0.41667
TI1K_IMAGE_0360.jpg 0.17647 0.36275 0.59804 0.84967 0.53268 0.58333 0.50817 0.45752
TI1K_IMAGE_0361.jpg 0.17974 0.36928 0.60948 0.86275 0.53922 0.57190 0.51634 0.48203
TI1K_IMAGE_0362.jpg 0.17647 0.37418 0.61765 0.87255 0.53431 0.57680 0.52124 0.50490
TI1K_IMAGE_0363.jpg 0.17974 0.39542 0.60621 0.85784 0.52941 0.58497 0.51307 0.51797
TI1K_IMAGE_0364.jpg 0.15523 0.36111 0.58987 0.87745 0.52451 0.58497 0.50817 0.51961
TI1K_IMAGE_0365.jpg 0.15196 0.36438 0.61275 0.91830 0.51961 0.58987 0.50817 0.52941
TI1K_IMAGE_0366.jpg 0.16013 0.42320 0.59314 0.89379 0.51797 0.59477 0.50654 0.53922
TI1K_IMAGE_0367.jpg 0.18464 0.41993 0.60458 0.89052 0.52941 0.60131 0.50980 0.53595
TI1K_IMAGE_0368.jpg 0.19771 0.42320 0.59967 0.87092 0.53595 0.60948 0.51634 0.51144
TI1K_IMAGE_0369.jpg 0.20915 0.39216 0.60948 0.89216 0.54739 0.62908 0.51961 0.49510
TI1K_IMAGE_0370.jpg 0.18137 0.34150 0.58170 0.88399 0.52778 0.61275 0.48693 0.40850
TI1K_IMAGE_0371.jpg 0.19771 0.37418 0.63072 0.89542 0.55882 0.64216 0.51797 0.47876
TI1K_IMAGE_0372.jpg 0.21569 0.37418 0.64379 0.89216 0.58007 0.67157 0.51634 0.46569
TI1K_IMAGE_0373.jpg 0.24183 0.36275 0.64869 0.89216 0.58497 0.67974 0.51634 0.44608
TI1K_IMAGE_0374.jpg 0.20098 0.33497 0.65686 0.97549 0.58824 0.66993 0.50980 0.40850
TI1K_IMAGE_0375.jpg 0.20915 0.32680 0.65523 0.95261 0.57843 0.63399 0.50490 0.41667
TI1K_IMAGE_0376.jpg 0.22549 0.33987 0.62582 0.96078 0.56046 0.60458 0.51797 0.42974
TI1K_IMAGE_0377.jpg 0.20098 0.32843 0.63235 0.94608 0.52941 0.56046 0.51144 0.42647
TI1K_IMAGE_0378.jpg 0.15359 0.31536 0.57843 0.85294 0.52451 0.60784 0.48529 0.41013
TI1K_IMAGE_0379.jpg 0.15033 0.34150 0.58007 0.85948 0.52124 0.60294 0.48856 0.43137
TI1K_IMAGE_0380.jpg 0.16340 0.37092 0.58170 0.91830 0.51307 0.59967 0.48366 0.44281
TI1K_IMAGE_0381.jpg 0.13235 0.36275 0.59804 0.93954 0.50654 0.59967 0.48366 0.46569
TI1K_IMAGE_0382.jpg 0.17974 0.38399 0.56863 0.86765 0.50327 0.59967 0.48856 0.47549
TI1K_IMAGE_0383.jpg 0.15686 0.36928 0.58333 0.90850 0.51961 0.58660 0.48039 0.49020
TI1K_IMAGE_0384.jpg 0.15196 0.38072 0.60621 0.94281 0.51307 0.60621 0.48203 0.50817
TI1K_IMAGE_0385.jpg 0.21895 0.34967 0.56699 0.84641 0.49837 0.55392 0.48366 0.43791
TI1K_IMAGE_0386.jpg 0.19118 0.43137 0.56209 0.88562 0.51634 0.58497 0.48529 0.50654
TI1K_IMAGE_0387.jpg 0.17157 0.41503 0.58170 0.94281 0.50654 0.60294 0.48366 0.50817
TI1K_IMAGE_0388.jpg 0.17974 0.40196 0.56699 0.91993 0.50817 0.60948 0.48203 0.52451
TI1K_IMAGE_0389.jpg 0.16830 0.43464 0.56863 0.92320 0.51634 0.60948 0.48856 0.51961
TI1K_IMAGE_0390.jpg 0.19118 0.43137 0.56373 0.94118 0.51797 0.61928 0.49020 0.53922
TI1K_IMAGE_0391.jpg 0.18301 0.42810 0.56699 0.91667 0.51144 0.61765 0.48529 0.53758
TI1K_IMAGE_0392.jpg 0.19935 0.43954 0.56046 0.93137 0.51634 0.60131 0.48693 0.53431
TI1K_IMAGE_0393.jpg 0.16176 0.42320 0.57843 0.90523 0.51307 0.61111 0.49020 0.53105
TI1K_IMAGE_0394.jpg 0.18301 0.43137 0.58007 0.90359 0.51797 0.60294 0.48693 0.51634
TI1K_IMAGE_0395.jpg 0.19118 0.42974 0.57026 0.89706 0.52288 0.60784 0.49020 0.52778
TI1K_IMAGE_0396.jpg 0.21569 0.36275 0.57026 0.81209 0.51797 0.55556 0.48203 0.43464
TI1K_IMAGE_0397.jpg 0.19771 0.42810 0.60948 0.93137 0.51634 0.60458 0.49183 0.52451
TI1K_IMAGE_0398.jpg 0.16176 0.38725 0.59967 0.95752 0.51797 0.60948 0.49020 0.53105
TI1K_IMAGE_0399.jpg 0.19444 0.42974 0.57516 0.89869 0.51471 0.60948 0.49510 0.53105
TI1K_IMAGE_0400.jpg 0.18301 0.43301 0.57843 0.94444 0.51144 0.61438 0.48529 0.54085
TI1K_IMAGE_0401.jpg 0.15196 0.43464 0.56863 0.95752 0.50654 0.61275 0.48529 0.52941
TI1K_IMAGE_0402.jpg 0.20261 0.38235 0.58824 0.90686 0.51634 0.60948 0.48856 0.52288
TI1K_IMAGE_0403.jpg 0.21405 0.42320 0.59314 0.91340 0.52451 0.60621 0.48856 0.50980
TI1K_IMAGE_0404.jpg 0.17484 0.35294 0.62255 0.94608 0.52614 0.59641 0.49020 0.47549
TI1K_IMAGE_0405.jpg 0.20261 0.35784 0.60294 0.94281 0.51961 0.57680 0.47876 0.44771
TI1K_IMAGE_0406.jpg 0.18791 0.32843 0.60948 0.92157 0.53268 0.55392 0.47876 0.42974
TI1K_IMAGE_0407.jpg 0.16830 0.33987 0.57353 0.91013 0.50490 0.55392 0.47549 0.42810
TI1K_IMAGE_0408.jpg 0.17810 0.33660 0.60784 0.89379 0.54248 0.53105 0.49020 0.41176
TI1K_IMAGE_0409.jpg 0.23366 0.31863 0.60948 0.89706 0.54739 0.52451 0.47059 0.40033
TI1K_IMAGE_0410.jpg 0.21405 0.29575 0.61765 0.90850 0.53268 0.50817 0.47549 0.38889
TI1K_IMAGE_0411.jpg 0.20261 0.26961 0.59150 0.89379 0.53758 0.49510 0.47549 0.37745
TI1K_IMAGE_0412.jpg 0.21895 0.29902 0.62418 0.91176 0.53268 0.47386 0.48693 0.36765
TI1K_IMAGE_0413.jpg 0.21405 0.29248 0.61765 0.87908 0.53922 0.47059 0.49020 0.36601
TI1K_IMAGE_0414.jpg 0.23366 0.29575 0.60458 0.81699 0.50654 0.55392 0.48039 0.42974
TI1K_IMAGE_0415.jpg 0.19118 0.40033 0.68791 0.97876 0.57680 0.61111 0.51634 0.51634
TI1K_IMAGE_0416.jpg 0.21405 0.39216 0.70261 0.99346 0.60621 0.66340 0.51797 0.50817
TI1K_IMAGE_0417.jpg 0.20261 0.36601 0.75327 0.99510 0.61765 0.71405 0.51634 0.50980
TI1K_IMAGE_0418.jpg 0.16340 0.35948 0.76471 1.00000 0.61928 0.75000 0.51471 0.50490
TI1K_IMAGE_0419.jpg 0.17157 0.38072 0.71078 1.00000 0.62418 0.78595 0.51471 0.50000
TI1K_IMAGE_0420.jpg 0.17320 0.35621 0.74673 1.00000 0.63725 0.83824 0.50980 0.50163
TI1K_IMAGE_0421.jpg 0.15523 0.39379 0.76144 1.00000 0.62745 0.86275 0.51307 0.50817
TI1K_IMAGE_0422.jpg 0.14542 0.38072 0.75980 1.00000 0.62582 0.86601 0.50817 0.49673
TI1K_IMAGE_0423.jpg 0.10948 0.36765 0.77124 1.00000 0.62092 0.89869 0.52288 0.51144
TI1K_IMAGE_0424.jpg 0.15033 0.39542 0.75163 1.00000 0.61111 0.92484 0.52451 0.51307
TI1K_IMAGE_0425.jpg 0.11928 0.39542 0.72059 1.00000 0.61438 0.95261 0.52288 0.53758
TI1K_IMAGE_0426.jpg 0.13562 0.37908 0.71569 1.00000 0.61438 0.96569 0.52288 0.53758
TI1K_IMAGE_0427.jpg 0.12255 0.41503 0.69608 1.00000 0.59804 0.96895 0.51634 0.54085
TI1K_IMAGE_0428.jpg 0.09314 0.42320 0.71405 1.00000 0.58824 0.97222 0.52124 0.53922
TI1K_IMAGE_0429.jpg 0.11438 0.43301 0.66993 1.00000 0.58824 0.97059 0.51471 0.54248
TI1K_IMAGE_0430.jpg 0.13399 0.42157 0.67647 1.00000 0.58824 0.97386 0.50817 0.54085
TI1K_IMAGE_0431.jpg 0.06373 0.40033 0.60948 1.00000 0.52614 0.68791 0.50000 0.55392
TI1K_IMAGE_0432.jpg 0.09804 0.40850 0.59804 1.00000 0.52941 0.68137 0.50654 0.57026
TI1K_IMAGE_0433.jpg 0.05719 0.38399 0.60294 1.00000 0.52451 0.67810 0.51471 0.57516
TI1K_IMAGE_0434.jpg 0.05556 0.37745 0.60621 1.00000 0.52778 0.66993 0.50980 0.57353
TI1K_IMAGE_0435.jpg 0.06046 0.37745 0.63889 1.00000 0.52614 0.66013 0.51144 0.56373
TI1K_IMAGE_0436.jpg 0.09477 0.36438 0.59967 1.00000 0.53431 0.66340 0.51471 0.55556
TI1K_IMAGE_0437.jpg 0.08824 0.36601 0.61765 1.00000 0.53431 0.64052 0.52288 0.53922
TI1K_IMAGE_0438.jpg 0.08333 0.35784 0.65686 1.00000 0.53595 0.62908 0.52124 0.51471
TI1K_IMAGE_0439.jpg 0.05719 0.31209 0.63725 1.00000 0.54412 0.62745 0.51961 0.48529
TI1K_IMAGE_0440.jpg 0.11438 0.29085 0.64542 0.90523 0.55392 0.62908 0.51307 0.43301
TI1K_IMAGE_0441.jpg 0.10948 0.27941 0.68464 0.92157 0.56536 0.64052 0.50000 0.39379
TI1K_IMAGE_0442.jpg 0.12582 0.21569 0.65686 0.88725 0.58007 0.63889 0.49673 0.34314
TI1K_IMAGE_0443.jpg 0.14216 0.19281 0.66667 0.90033 0.58170 0.65523 0.50490 0.31209
TI1K_IMAGE_0444.jpg 0.07516 0.14216 0.68954 0.92810 0.58987 0.65196 0.50000 0.28922
TI1K_IMAGE_0445.jpg 0.11928 0.12255 0.66340 0.90523 0.58824 0.65850 0.50327 0.25654
TI1K_IMAGE_0446.jpg 0.11275 0.12745 0.66667 0.90523 0.57190 0.65686 0.48856 0.22876
TI1K_IMAGE_0447.jpg 0.11765 0.10784 0.66013 0.87745 0.57516 0.66667 0.49020 0.22059
TI1K_IMAGE_0448.jpg 0.10621 0.08007 0.65196 0.86765 0.56863 0.65523 0.49020 0.20425
TI1K_IMAGE_0449.jpg 0.10948 0.07680 0.66176 0.81536 0.57680 0.65196 0.49346 0.19444
TI1K_IMAGE_0450.jpg 0.10458 0.09967 0.67157 0.88399 0.56209 0.64542 0.49346 0.19281
TI1K_IMAGE_0451.jpg 0.11275 0.10458 0.64379 0.81536 0.56536 0.64052 0.49183 0.18137
TI1K_IMAGE_0452.jpg 0.08824 0.05719 0.64542 0.85131 0.56373 0.64052 0.48366 0.18137
TI1K_IMAGE_0453.jpg 0.09967 0.08333 0.63399 0.87092 0.55882 0.64869 0.48039 0.17974
TI1K_IMAGE_0454.jpg 0.09804 0.10131 0.64869 0.90359 0.54902 0.65359 0.47549 0.18954
TI1K_IMAGE_0455.jpg 0.07026 0.08007 0.63399 0.91340 0.54575 0.65359 0.47549 0.19118
TI1K_IMAGE_0456.jpg 0.08007 0.08170 0.61601 0.86438 0.53922 0.65850 0.47549 0.21078
TI1K_IMAGE_0457.jpg 0.08987 0.11438 0.61928 0.88072 0.53595 0.65359 0.47549 0.24837
TI1K_IMAGE_0458.jpg 0.05229 0.12255 0.60784 0.86438 0.53922 0.62582 0.47059 0.28922
TI1K_IMAGE_0459.jpg 0.09314 0.16176 0.62092 0.87908 0.52451 0.61765 0.47386 0.32190
TI1K_IMAGE_0460.jpg 0.07843 0.17810 0.59641 0.84804 0.52124 0.59967 0.46732 0.35948
TI1K_IMAGE_0461.jpg 0.07843 0.20261 0.56536 0.85784 0.51144 0.58497 0.48039 0.39706
TI1K_IMAGE_0462.jpg 0.07516 0.23529 0.58824 0.83007 0.50163 0.58824 0.47386 0.42157
TI1K_IMAGE_0463.jpg 0.07516 0.27778 0.57190 0.87418 0.49837 0.58660 0.46732 0.44608
TI1K_IMAGE_0464.jpg 0.08170 0.30065 0.59804 0.88889 0.49346 0.58333 0.46242 0.46569
TI1K_IMAGE_0465.jpg 0.03922 0.29902 0.55719 0.85784 0.48529 0.58660 0.46242 0.49020
TI1K_IMAGE_0466.jpg 0.05556 0.29575 0.55882 0.91503 0.47876 0.59477 0.46078 0.50980
TI1K_IMAGE_0467.jpg 0.09314 0.25163 0.55719 0.86765 0.47712 0.59641 0.46405 0.52124
TI1K_IMAGE_0468.jpg 0.01307 0.27614 0.60621 1.00000 0.47549 0.60948 0.45425 0.52451
TI1K_IMAGE_0469.jpg 0.00817 0.30392 0.58824 1.00000 0.47549 0.62255 0.45752 0.51961
TI1K_IMAGE_0470.jpg 0.01961 0.32843 0.59314 1.00000 0.47059 0.63399 0.45261 0.53105
TI1K_IMAGE_0471.jpg 0.00980 0.33333 0.56046 1.00000 0.47549 0.65196 0.45261 0.51634
TI1K_IMAGE_0472.jpg 0.01307 0.29575 0.58497 1.00000 0.49020 0.68627 0.45588 0.49020
TI1K_IMAGE_0473.jpg 0.01307 0.30229 0.59641 1.00000 0.51144 0.72876 0.45098 0.47386
TI1K_IMAGE_0474.jpg 0.00654 0.31863 0.60621 1.00000 0.51961 0.75327 0.45425 0.44444
TI1K_IMAGE_0475.jpg 0.08007 0.27124 0.59314 1.00000 0.52451 0.78922 0.47549 0.41830
TI1K_IMAGE_0476.jpg 0.03758 0.27451 0.60131 1.00000 0.53105 0.82026 0.45098 0.41176
TI1K_IMAGE_0477.jpg 0.05065 0.25000 0.61601 1.00000 0.53431 0.84477 0.46242 0.38399
TI1K_IMAGE_0478.jpg 0.04248 0.23856 0.61601 0.99510 0.51797 0.86111 0.45752 0.38889
TI1K_IMAGE_0479.jpg 0.04248 0.26797 0.61601 1.00000 0.52614 0.87092 0.45261 0.40359
TI1K_IMAGE_0480.jpg 0.02451 0.28922 0.57516 1.00000 0.51797 0.87908 0.45098 0.40686
TI1K_IMAGE_0481.jpg 0.05719 0.30229 0.58824 1.00000 0.51634 0.89052 0.44281 0.41993
TI1K_IMAGE_0482.jpg 0.03268 0.28268 0.59477 1.00000 0.51471 0.88725 0.42974 0.42974
TI1K_IMAGE_0483.jpg 0.05065 0.30719 0.56373 1.00000 0.50327 0.86275 0.42974 0.41667
TI1K_IMAGE_0484.jpg 0.03105 0.28268 0.59150 1.00000 0.49837 0.83497 0.42320 0.42647
TI1K_IMAGE_0485.jpg 0.05065 0.33987 0.52451 1.00000 0.48366 0.81209 0.40850 0.45588
TI1K_IMAGE_0486.jpg 0.03105 0.29085 0.58660 1.00000 0.46569 0.78595 0.40686 0.47222
TI1K_IMAGE_0487.jpg 0.02941 0.36928 0.51961 1.00000 0.46569 0.75490 0.40523 0.49183
TI1K_IMAGE_0488.jpg 0.01634 0.42320 0.50980 0.99183 0.46242 0.72386 0.41176 0.52288
TI1K_IMAGE_0489.jpg 0.04739 0.41993 0.52288 0.99673 0.45098 0.69935 0.40196 0.54412
TI1K_IMAGE_0490.jpg 0.04902 0.44281 0.50327 0.98856 0.44118 0.68954 0.40359 0.55882
TI1K_IMAGE_0491.jpg 0.03431 0.41667 0.49020 0.93137 0.43627 0.66830 0.40196 0.55229
TI1K_IMAGE_0492.jpg 0.04575 0.44281 0.47712 0.93301 0.42484 0.66993 0.39542 0.54739
TI1K_IMAGE_0493.jpg 0.00327 0.40033 0.50490 0.95915 0.41503 0.65523 0.39216 0.53431
TI1K_IMAGE_0494.jpg 0.03922 0.40196 0.47549 0.94935 0.41667 0.64052 0.39706 0.53595
TI1K_IMAGE_0495.jpg 0.00654 0.37092 0.48203 0.96569 0.41176 0.63889 0.37908 0.52941
TI1K_IMAGE_0496.jpg 0.00980 0.34150 0.49346 0.93954 0.41830 0.61438 0.38399 0.51307
TI1K_IMAGE_0497.jpg 0.04248 0.35948 0.48856 0.96405 0.41340 0.61275 0.38562 0.51634
TI1K_IMAGE_0498.jpg 0.01961 0.37255 0.48856 0.93954 0.41667 0.60621 0.38889 0.50817
TI1K_IMAGE_0499.jpg 0.03431 0.37745 0.48203 0.91993 0.41503 0.60458 0.39216 0.50654
TI1K_IMAGE_0500.jpg 0.00490 0.36275 0.48203 0.93137 0.41340 0.60131 0.39052 0.50490
TI1K_IMAGE_0501.jpg 0.04085 0.35294 0.49673 0.88399 0.42484 0.58824 0.39706 0.47876
TI1K_IMAGE_0502.jpg 0.01961 0.34804 0.50654 0.95425 0.42157 0.60458 0.38889 0.49020
TI1K_IMAGE_0503.jpg 0.01961 0.35458 0.47712 0.92320 0.41503 0.59477 0.38562 0.49510
TI1K_IMAGE_0504.jpg 0.02614 0.35294 0.51144 0.91993 0.41176 0.61111 0.38889 0.48856
TI1K_IMAGE_0505.jpg 0.02124 0.35458 0.49510 0.93791 0.41176 0.60131 0.38235 0.49346
TI1K_IMAGE_0506.jpg 0.04248 0.31209 0.48693 0.84967 0.41503 0.59804 0.38725 0.47712
TI1K_IMAGE_0507.jpg 0.02288 0.33660 0.52778 0.96078 0.41503 0.60131 0.39052 0.47876
TI1K_IMAGE_0508.jpg 0.05229 0.34477 0.49346 0.90686 0.42974 0.59477 0.40196 0.49346
TI1K_IMAGE_0509.jpg 0.03595 0.28105 0.50654 0.94608 0.43137 0.60131 0.40359 0.47549
TI1K_IMAGE_0510.jpg 0.04248 0.33007 0.48039 0.95425 0.43464 0.59641 0.41013 0.48366
TI1K_IMAGE_0511.jpg 0.03105 0.33660 0.49183 0.97222 0.42974 0.60294 0.39542 0.48529
TI1K_IMAGE_0512.jpg 0.02288 0.33333 0.48529 0.97876 0.42647 0.59150 0.39869 0.48203
TI1K_IMAGE_0513.jpg 0.02288 0.33333 0.48693 0.96895 0.42810 0.57516 0.38889 0.47712
TI1K_IMAGE_0514.jpg 0.02288 0.32190 0.50000 0.96895 0.42974 0.57680 0.40359 0.46732
TI1K_IMAGE_0515.jpg 0.01307 0.31699 0.50000 0.89379 0.43464 0.56536 0.40850 0.46078
TI1K_IMAGE_0516.jpg 0.02941 0.28922 0.50327 0.92157 0.43791 0.56536 0.40850 0.45588
TI1K_IMAGE_0517.jpg 0.03595 0.27614 0.53431 0.94771 0.43301 0.55719 0.40686 0.44935
TI1K_IMAGE_0518.jpg 0.01961 0.29412 0.54902 0.91340 0.43954 0.56046 0.41340 0.45425
TI1K_IMAGE_0519.jpg 0.03922 0.25980 0.55229 0.90196 0.44444 0.56536 0.41340 0.43954
TI1K_IMAGE_0520.jpg 0.03105 0.30882 0.54248 0.84314 0.46405 0.54085 0.42647 0.42810
TI1K_IMAGE_0521.jpg 0.06209 0.30229 0.56373 0.82843 0.46405 0.54739 0.43464 0.41503
TI1K_IMAGE_0522.jpg 0.03268 0.25000 0.55882 0.90196 0.46242 0.53922 0.43464 0.40359
TI1K_IMAGE_0523.jpg 0.04412 0.29902 0.56536 0.89052 0.47059 0.54248 0.43464 0.41176
TI1K_IMAGE_0524.jpg 0.02451 0.26634 0.57190 0.87255 0.46242 0.53431 0.44281 0.40686
TI1K_IMAGE_0525.jpg 0.07026 0.27451 0.55392 0.86111 0.46732 0.53922 0.43464 0.40850
TI1K_IMAGE_0526.jpg 0.03595 0.28758 0.56373 0.87255 0.46405 0.53268 0.43954 0.40850
TI1K_IMAGE_0527.jpg 0.02451 0.25163 0.55065 0.86928 0.46895 0.54085 0.44444 0.39706
TI1K_IMAGE_0528.jpg 0.05556 0.24183 0.56699 0.84641 0.48529 0.53595 0.44935 0.37582
TI1K_IMAGE_0529.jpg 0.08660 0.19935 0.60294 0.87092 0.49183 0.54085 0.45098 0.38072
TI1K_IMAGE_0530.jpg 0.05882 0.18627 0.60458 0.83660 0.49346 0.52451 0.46895 0.36275
TI1K_IMAGE_0531.jpg 0.20425 0.33824 0.58007 0.75817 0.53268 0.58660 0.50654 0.41830
TI1K_IMAGE_0532.jpg 0.17810 0.33497 0.61765 0.81209 0.53105 0.57843 0.50000 0.43627
TI1K_IMAGE_0533.jpg 0.19771 0.33333 0.58987 0.77288 0.52451 0.57190 0.50163 0.44608
TI1K_IMAGE_0534.jpg 0.19608 0.34477 0.58333 0.77941 0.52288 0.56699 0.50327 0.45261
TI1K_IMAGE_0535.jpg 0.22222 0.35621 0.60621 0.78922 0.51961 0.56209 0.50163 0.45098
TI1K_IMAGE_0536.jpg 0.21569 0.35458 0.57843 0.77614 0.51307 0.55065 0.50163 0.46405
TI1K_IMAGE_0537.jpg 0.22222 0.34641 0.56373 0.76144 0.51307 0.54412 0.50000 0.46242
TI1K_IMAGE_0538.jpg 0.18627 0.33497 0.59150 0.78922 0.50817 0.54085 0.49673 0.45915
TI1K_IMAGE_0539.jpg 0.20261 0.33660 0.57190 0.77778 0.50490 0.54085 0.49020 0.45915
TI1K_IMAGE_0540.jpg 0.19935 0.34150 0.57353 0.78268 0.50654 0.54248 0.48856 0.45752
TI1K_IMAGE_0541.jpg 0.18954 0.35131 0.57516 0.79085 0.49837 0.54575 0.49020 0.46569
TI1K_IMAGE_0542.jpg 0.21242 0.35131 0.55556 0.79412 0.49837 0.54248 0.48529 0.46405
TI1K_IMAGE_0543.jpg 0.18791 0.33987 0.55882 0.80229 0.50327 0.54902 0.49020 0.46242
TI1K_IMAGE_0544.jpg 0.17974 0.35458 0.56536 0.81863 0.50327 0.55229 0.49673 0.46242
TI1K_IMAGE_0545.jpg 0.20588 0.34804 0.55882 0.81536 0.51634 0.56863 0.49020 0.45425
TI1K_IMAGE_0546.jpg 0.21732 0.32680 0.56373 0.80392 0.51797 0.57353 0.48529 0.41993
TI1K_IMAGE_0547.jpg 0.17647 0.31373 0.59150 0.83824 0.51634 0.58007 0.47876 0.39869
TI1K_IMAGE_0548.jpg 0.16993 0.31046 0.59314 0.83007 0.53105 0.59477 0.47876 0.36438
TI1K_IMAGE_0549.jpg 0.17974 0.27778 0.60784 0.82843 0.53595 0.61111 0.47549 0.35294
TI1K_IMAGE_0550.jpg 0.17320 0.28105 0.64542 0.83824 0.55392 0.62255 0.47876 0.32680
TI1K_IMAGE_0551.jpg 0.20588 0.22222 0.62582 0.82026 0.55882 0.63562 0.47876 0.31536
TI1K_IMAGE_0552.jpg 0.16830 0.24510 0.63725 0.83007 0.55719 0.63235 0.47876 0.30719
TI1K_IMAGE_0553.jpg 0.14869 0.21895 0.64216 0.80392 0.56046 0.63399 0.47876 0.29902
TI1K_IMAGE_0554.jpg 0.18464 0.19444 0.66340 0.80556 0.56373 0.62582 0.48529 0.29412
TI1K_IMAGE_0555.jpg 0.21732 0.22712 0.65359 0.81699 0.57190 0.61438 0.49183 0.28595
TI1K_IMAGE_0556.jpg 0.22386 0.23693 0.65196 0.74020 0.57516 0.61111 0.49510 0.29085
TI1K_IMAGE_0557.jpg 0.21242 0.19281 0.67320 0.75980 0.57680 0.60131 0.50654 0.28268
TI1K_IMAGE_0558.jpg 0.20098 0.19935 0.67320 0.76961 0.58497 0.59314 0.50980 0.27614
TI1K_IMAGE_0559.jpg 0.21242 0.20752 0.68791 0.77778 0.58824 0.57680 0.52288 0.27941
TI1K_IMAGE_0560.jpg 0.20588 0.20752 0.66993 0.76471 0.59150 0.57026 0.52778 0.28431
TI1K_IMAGE_0561.jpg 0.24020 0.22059 0.67974 0.74020 0.60294 0.56699 0.54085 0.28595
TI1K_IMAGE_0562.jpg 0.23039 0.21405 0.72549 0.73529 0.60294 0.55719 0.54248 0.29085
TI1K_IMAGE_0563.jpg 0.23529 0.23203 0.66993 0.70588 0.59314 0.55556 0.53922 0.29085
TI1K_IMAGE_0564.jpg 0.25654 0.23529 0.64869 0.69935 0.58987 0.54085 0.54085 0.29575
TI1K_IMAGE_0565.jpg 0.23693 0.19771 0.66830 0.74020 0.58824 0.53431 0.52778 0.30229
TI1K_IMAGE_0566.jpg 0.24346 0.26307 0.64052 0.68954 0.57190 0.51961 0.53431 0.32680
TI1K_IMAGE_0567.jpg 0.23693 0.25000 0.62092 0.69935 0.56373 0.49673 0.52451 0.35948
TI1K_IMAGE_0568.jpg 0.26307 0.26471 0.61438 0.69281 0.55556 0.49346 0.51634 0.37092
TI1K_IMAGE_0569.jpg 0.17974 0.24510 0.64706 0.78595 0.54248 0.48693 0.51307 0.39052
TI1K_IMAGE_0570.jpg 0.19281 0.23203 0.62745 0.74837 0.53105 0.50327 0.51144 0.40850
TI1K_IMAGE_0571.jpg 0.20915 0.27941 0.60948 0.76471 0.52288 0.50490 0.50000 0.41013
TI1K_IMAGE_0572.jpg 0.21895 0.29085 0.60294 0.77941 0.51797 0.50163 0.50000 0.42157
TI1K_IMAGE_0573.jpg 0.24673 0.30719 0.57353 0.76634 0.51634 0.49346 0.49837 0.42484
TI1K_IMAGE_0574.jpg 0.18301 0.26307 0.59804 0.76961 0.51144 0.49183 0.49183 0.42157
TI1K_IMAGE_0575.jpg 0.15850 0.28268 0.66013 0.84804 0.51471 0.49020 0.49346 0.42647
TI1K_IMAGE_0576.jpg 0.17647 0.26144 0.60131 0.83497 0.51307 0.48529 0.49346 0.42647
TI1K_IMAGE_0577.jpg 0.18137 0.26307 0.60621 0.82026 0.50980 0.48693 0.48693 0.42157
TI1K_IMAGE_0578.jpg 0.21405 0.28922 0.61601 0.83497 0.51144 0.49183 0.48366 0.41503
TI1K_IMAGE_0579.jpg 0.20588 0.27778 0.61601 0.83007 0.50980 0.47876 0.47386 0.40523
TI1K_IMAGE_0580.jpg 0.18301 0.27614 0.59641 0.84314 0.50817 0.46405 0.46732 0.40033
TI1K_IMAGE_0581.jpg 0.24183 0.29575 0.70261 0.95425 0.59641 0.48366 0.53105 0.39379
TI1K_IMAGE_0582.jpg 0.27614 0.29248 0.69118 0.89542 0.61601 0.48856 0.52614 0.37582
TI1K_IMAGE_0583.jpg 0.27941 0.27124 0.70425 0.92157 0.62092 0.50654 0.51961 0.35458
TI1K_IMAGE_0584.jpg 0.23529 0.21569 0.72712 0.95588 0.62908 0.49673 0.52124 0.33333
TI1K_IMAGE_0585.jpg 0.19771 0.19118 0.76471 0.99673 0.62745 0.49837 0.52451 0.32353
TI1K_IMAGE_0586.jpg 0.21895 0.20752 0.73693 1.00000 0.63399 0.49183 0.53268 0.29575
TI1K_IMAGE_0587.jpg 0.16993 0.13072 0.79575 0.89869 0.64052 0.48693 0.53922 0.27941
TI1K_IMAGE_0588.jpg 0.22876 0.17320 0.75163 0.91667 0.64379 0.49020 0.55229 0.26961
TI1K_IMAGE_0589.jpg 0.23366 0.16830 0.75000 0.89216 0.65686 0.50327 0.56699 0.25980
TI1K_IMAGE_0590.jpg 0.18137 0.18627 0.77941 0.88725 0.66340 0.50654 0.57843 0.25654
TI1K_IMAGE_0591.jpg 0.20588 0.18301 0.76634 0.87908 0.66830 0.51471 0.58824 0.25817
TI1K_IMAGE_0592.jpg 0.21242 0.13725 0.78595 0.87418 0.66667 0.52288 0.59477 0.25654
TI1K_IMAGE_0593.jpg 0.20261 0.15523 0.78922 0.87092 0.67810 0.53595 0.60294 0.25490
TI1K_IMAGE_0594.jpg 0.25327 0.17157 0.77941 0.81536 0.68301 0.52778 0.60948 0.25163
TI1K_IMAGE_0595.jpg 0.20588 0.16993 0.79085 0.87255 0.68791 0.53268 0.61928 0.25654
TI1K_IMAGE_0596.jpg 0.21732 0.17320 0.83333 0.84967 0.68954 0.53268 0.62092 0.25327
TI1K_IMAGE_0597.jpg 0.21405 0.17810 0.83333 0.87092 0.68791 0.51797 0.63399 0.28268
TI1K_IMAGE_0598.jpg 0.22059 0.20098 0.80392 0.86275 0.67810 0.50490 0.63399 0.34967
TI1K_IMAGE_0599.jpg 0.18464 0.22386 0.86601 0.90850 0.66667 0.49020 0.63399 0.38235
TI1K_IMAGE_0600.jpg 0.23856 0.26471 0.76307 0.81536 0.66013 0.48366 0.63562 0.40686
TI1K_IMAGE_0601.jpg 0.25654 0.27451 0.76471 0.91340 0.65686 0.47876 0.63562 0.41993
TI1K_IMAGE_0602.jpg 0.27124 0.25000 0.74346 0.89216 0.65359 0.48203 0.63725 0.41340
TI1K_IMAGE_0603.jpg 0.25327 0.27451 0.75980 0.91013 0.66013 0.48366 0.63725 0.41176
TI1K_IMAGE_0604.jpg 0.25980 0.26144 0.76307 0.91176 0.65686 0.48529 0.64216 0.42157
TI1K_IMAGE_0605.jpg 0.27124 0.28922 0.76144 0.88072 0.66013 0.48039 0.63725 0.42974
TI1K_IMAGE_0606.jpg 0.21569 0.25490 0.80882 0.90850 0.65686 0.49020 0.62908 0.42157
TI1K_IMAGE_0607.jpg 0.30065 0.24346 0.74346 0.87582 0.66340 0.50980 0.63072 0.41503
TI1K_IMAGE_0608.jpg 0.23529 0.22386 0.79575 0.94935 0.66013 0.52288 0.62255 0.38725
TI1K_IMAGE_0609.jpg 0.19935 0.24510 0.77778 0.93301 0.67157 0.54412 0.61928 0.37582
TI1K_IMAGE_0610.jpg 0.18627 0.23039 0.77288 0.93954 0.66830 0.55392 0.60458 0.34967
TI1K_IMAGE_0611.jpg 0.20588 0.20098 0.80392 0.93954 0.67484 0.56699 0.60458 0.33497
TI1K_IMAGE_0612.jpg 0.27124 0.20915 0.76634 0.90850 0.67484 0.58333 0.59967 0.32843
TI1K_IMAGE_0613.jpg 0.23039 0.19608 0.76307 0.89869 0.68954 0.59967 0.60621 0.32026
TI1K_IMAGE_0614.jpg 0.25163 0.22712 0.76471 0.88235 0.68627 0.59967 0.60784 0.32353
TI1K_IMAGE_0615.jpg 0.25163 0.21405 0.77451 0.91176 0.67974 0.59150 0.60784 0.31373
TI1K_IMAGE_0616.jpg 0.24673 0.21078 0.76471 0.89542 0.67647 0.59967 0.60621 0.31536
TI1K_IMAGE_0617.jpg 0.25327 0.21732 0.75327 0.88072 0.66176 0.58660 0.60458 0.31046
TI1K_IMAGE_0618.jpg 0.21732 0.20261 0.79248 0.85621 0.65686 0.57516 0.58660 0.31373
TI1K_IMAGE_0619.jpg 0.18954 0.17974 0.75490 0.84314 0.66013 0.56863 0.59150 0.29902
TI1K_IMAGE_0620.jpg 0.20425 0.19935 0.75490 0.88725 0.65033 0.56536 0.57843 0.30882
TI1K_IMAGE_0621.jpg 0.17810 0.19118 0.77124 0.89706 0.63725 0.55556 0.57680 0.29085
TI1K_IMAGE_0622.jpg 0.15686 0.19444 0.73693 0.90850 0.62908 0.55065 0.58333 0.29412
TI1K_IMAGE_0623.jpg 0.21405 0.20098 0.72059 0.88072 0.62908 0.55392 0.56863 0.29412
TI1K_IMAGE_0624.jpg 0.18301 0.21569 0.74837 0.87745 0.62418 0.55882 0.57026 0.30882
TI1K_IMAGE_0625.jpg 0.18627 0.22549 0.73856 0.86765 0.62418 0.55556 0.56536 0.32680
TI1K_IMAGE_0626.jpg 0.17484 0.23366 0.71569 0.87255 0.61928 0.55882 0.57190 0.34150
TI1K_IMAGE_0627.jpg 0.18464 0.24183 0.71895 0.88235 0.61601 0.55556 0.57190 0.37092
TI1K_IMAGE_0628.jpg 0.19935 0.28431 0.71732 0.86928 0.61438 0.55719 0.57353 0.40686
TI1K_IMAGE_0629.jpg 0.18791 0.30392 0.69281 0.88725 0.61111 0.55065 0.57353 0.42647
TI1K_IMAGE_0630.jpg 0.24510 0.28922 0.70098 0.89052 0.60294 0.54085 0.57353 0.42974
TI1K_IMAGE_0631.jpg 0.20425 0.30065 0.70098 0.89052 0.59967 0.53595 0.57353 0.44771
TI1K_IMAGE_0632.jpg 0.21895 0.31209 0.69281 0.90033 0.59804 0.53431 0.56863 0.44771
TI1K_IMAGE_0633.jpg 0.25980 0.32353 0.65850 0.83987 0.59641 0.52614 0.57516 0.45261
TI1K_IMAGE_0634.jpg 0.18791 0.29412 0.69281 0.89216 0.60294 0.51634 0.57680 0.44444
TI1K_IMAGE_0635.jpg 0.22549 0.31373 0.65686 0.86275 0.59641 0.50980 0.58333 0.43791
TI1K_IMAGE_0636.jpg 0.18627 0.25980 0.72059 0.88889 0.60621 0.50163 0.58333 0.42647
TI1K_IMAGE_0637.jpg 0.22059 0.25817 0.69608 0.89379 0.60948 0.50163 0.58170 0.42810
TI1K_IMAGE_0638.jpg 0.19935 0.27778 0.71078 0.90850 0.61111 0.51144 0.58497 0.42157
TI1K_IMAGE_0639.jpg 0.21242 0.26307 0.74346 0.89216 0.62745 0.51961 0.60131 0.40523
TI1K_IMAGE_0640.jpg 0.20261 0.22549 0.78431 0.87745 0.64216 0.53595 0.60784 0.40033
TI1K_IMAGE_0641.jpg 0.27288 0.28105 0.71732 0.78595 0.64706 0.54085 0.60784 0.38235
TI1K_IMAGE_0642.jpg 0.25817 0.27614 0.75817 0.84477 0.65359 0.54902 0.60948 0.37418
TI1K_IMAGE_0643.jpg 0.30392 0.28268 0.71569 0.77778 0.65523 0.56373 0.60784 0.37092
TI1K_IMAGE_0644.jpg 0.21569 0.28431 0.74020 0.91830 0.64542 0.57516 0.60294 0.37582
TI1K_IMAGE_0645.jpg 0.23039 0.27941 0.77451 0.88235 0.65033 0.58824 0.60131 0.37418
TI1K_IMAGE_0646.jpg 0.24183 0.28105 0.75000 0.88235 0.66176 0.59150 0.60294 0.37255
TI1K_IMAGE_0647.jpg 0.25980 0.30719 0.77288 0.90523 0.67320 0.59804 0.60458 0.36111
TI1K_IMAGE_0648.jpg 0.28268 0.23366 0.74346 0.90033 0.66013 0.60294 0.59150 0.36111
TI1K_IMAGE_0649.jpg 0.24510 0.26144 0.75163 0.91830 0.67810 0.60294 0.59477 0.34967
TI1K_IMAGE_0650.jpg 0.29085 0.20261 0.76471 0.87418 0.66993 0.59150 0.58987 0.32843
TI1K_IMAGE_0651.jpg 0.32843 0.22549 0.75327 0.87745 0.66340 0.58333 0.56863 0.33007
TI1K_IMAGE_0652.jpg 0.24183 0.23856 0.72386 0.91013 0.65359 0.58987 0.55719 0.32353
TI1K_IMAGE_0653.jpg 0.24183 0.25000 0.72059 0.93464 0.64542 0.60784 0.54739 0.34967
TI1K_IMAGE_0654.jpg 0.25163 0.26307 0.75490 0.97059 0.64706 0.62092 0.54902 0.36275
TI1K_IMAGE_0655.jpg 0.24020 0.25000 0.73203 0.88399 0.63725 0.62582 0.54248 0.38562
TI1K_IMAGE_0656.jpg 0.27778 0.32190 0.72222 0.88562 0.62908 0.63562 0.53105 0.38399
TI1K_IMAGE_0657.jpg 0.25654 0.32190 0.72222 0.87255 0.62418 0.63889 0.51797 0.40196
TI1K_IMAGE_0658.jpg 0.28922 0.33170 0.66176 0.90686 0.60294 0.65196 0.51634 0.41176
TI1K_IMAGE_0659.jpg 0.26307 0.36765 0.66013 0.89379 0.59150 0.65196 0.50980 0.43627
TI1K_IMAGE_0660.jpg 0.28922 0.36275 0.67157 0.92810 0.59314 0.63725 0.52288 0.43954
TI1K_IMAGE_0661.jpg 0.26634 0.39542 0.65033 0.88725 0.59150 0.62255 0.51471 0.45752
TI1K_IMAGE_0662.jpg 0.25327 0.34641 0.64216 0.89542 0.57026 0.60621 0.52288 0.47876
TI1K_IMAGE_0663.jpg 0.25327 0.37582 0.63889 0.87745 0.55882 0.59477 0.52451 0.48693
TI1K_IMAGE_0664.jpg 0.20915 0.38399 0.64052 0.88235 0.54739 0.58333 0.52124 0.50000
TI1K_IMAGE_0665.jpg 0.26634 0.37255 0.61928 0.88562 0.54248 0.57516 0.51797 0.50163
TI1K_IMAGE_0666.jpg 0.23039 0.36275 0.63399 0.91013 0.53758 0.56863 0.51307 0.49346
TI1K_IMAGE_0667.jpg 0.23693 0.36438 0.61601 0.89052 0.53922 0.56046 0.50654 0.48529
TI1K_IMAGE_0668.jpg 0.23366 0.35621 0.62092 0.90850 0.53758 0.56209 0.50654 0.48693
TI1K_IMAGE_0669.jpg 0.19935 0.35458 0.63725 0.92974 0.52451 0.55556 0.49346 0.48203
TI1K_IMAGE_0670.jpg 0.17810 0.35948 0.60784 0.93301 0.53431 0.55229 0.49837 0.48039
TI1K_IMAGE_0671.jpg 0.09477 0.24183 0.54412 0.84804 0.47386 0.65359 0.42484 0.34477
TI1K_IMAGE_0672.jpg 0.10294 0.22876 0.56209 0.85621 0.46569 0.63562 0.41993 0.38072
TI1K_IMAGE_0673.jpg 0.08824 0.24673 0.55392 0.87092 0.46732 0.60784 0.42320 0.38072
TI1K_IMAGE_0674.jpg 0.09150 0.28922 0.51961 0.85458 0.45752 0.60784 0.42484 0.41013
TI1K_IMAGE_0675.jpg 0.08824 0.29739 0.53922 0.86765 0.46078 0.59477 0.42647 0.42157
TI1K_IMAGE_0676.jpg 0.12255 0.29248 0.52288 0.82026 0.45425 0.58007 0.42810 0.41503
TI1K_IMAGE_0677.jpg 0.08007 0.28922 0.51961 0.90359 0.45915 0.57843 0.42974 0.43627
TI1K_IMAGE_0678.jpg 0.10294 0.29248 0.53105 0.87745 0.46569 0.57680 0.43627 0.44608
TI1K_IMAGE_0679.jpg 0.12745 0.31536 0.51797 0.84477 0.45752 0.57353 0.43137 0.44771
TI1K_IMAGE_0680.jpg 0.08824 0.27124 0.53105 0.87255 0.46242 0.56863 0.44281 0.45098
TI1K_IMAGE_0681.jpg 0.08007 0.29902 0.54739 0.89869 0.46895 0.56699 0.44608 0.44608
TI1K_IMAGE_0682.jpg 0.10784 0.31373 0.53431 0.86928 0.47549 0.57026 0.45261 0.44444
TI1K_IMAGE_0683.jpg 0.10458 0.30882 0.54575 0.83333 0.47222 0.56863 0.44935 0.44444
TI1K_IMAGE_0684.jpg 0.12418 0.30719 0.55392 0.87092 0.47386 0.57843 0.45752 0.44608
TI1K_IMAGE_0685.jpg 0.05065 0.26471 0.60784 0.92157 0.47876 0.57353 0.45588 0.43791
TI1K_IMAGE_0686.jpg 0.10294 0.29902 0.58170 0.83824 0.48529 0.57843 0.46078 0.42157
TI1K_IMAGE_0687.jpg 0.17810 0.28105 0.59150 0.88399 0.49837 0.58497 0.46732 0.40523
TI1K_IMAGE_0688.jpg 0.11275 0.26797 0.56536 0.80392 0.50654 0.60131 0.46895 0.39542
TI1K_IMAGE_0689.jpg 0.08660 0.26961 0.61438 0.91013 0.50980 0.61601 0.47059 0.36438
TI1K_IMAGE_0690.jpg 0.13235 0.25654 0.57843 0.86275 0.50490 0.61601 0.45915 0.33987
TI1K_IMAGE_0691.jpg 0.10458 0.25817 0.58824 0.84967 0.51634 0.61275 0.45915 0.31373
TI1K_IMAGE_0692.jpg 0.06373 0.19281 0.62582 0.93301 0.51797 0.62745 0.46732 0.29739
TI1K_IMAGE_0693.jpg 0.08170 0.13235 0.66830 0.86765 0.53105 0.62092 0.46895 0.27288
TI1K_IMAGE_0694.jpg 0.11928 0.15850 0.63725 0.81863 0.53595 0.61438 0.46569 0.25163
TI1K_IMAGE_0695.jpg 0.06373 0.09967 0.61601 0.84477 0.54739 0.63399 0.47222 0.23693
TI1K_IMAGE_0696.jpg 0.09641 0.07026 0.64379 0.86601 0.54248 0.62745 0.47222 0.22386
TI1K_IMAGE_0697.jpg 0.15196 0.12908 0.62745 0.84804 0.54575 0.63725 0.47712 0.21242
TI1K_IMAGE_0698.jpg 0.08660 0.06699 0.74183 0.90196 0.55882 0.62745 0.47712 0.20425
TI1K_IMAGE_0699.jpg 0.08333 0.05719 0.69771 0.83987 0.55556 0.60948 0.47876 0.21405
TI1K_IMAGE_0700.jpg 0.14869 0.15686 0.63072 0.80882 0.55229 0.59314 0.49183 0.23529
TI1K_IMAGE_0701.jpg 0.06373 0.15850 0.62255 0.80229 0.55392 0.57353 0.49183 0.23529
TI1K_IMAGE_0702.jpg 0.13072 0.12092 0.69118 0.88072 0.55392 0.55229 0.50327 0.27124
TI1K_IMAGE_0703.jpg 0.15523 0.17157 0.68301 0.83007 0.55229 0.54739 0.50654 0.30229
TI1K_IMAGE_0704.jpg 0.12745 0.19771 0.61765 0.79575 0.55392 0.53268 0.51144 0.34804
TI1K_IMAGE_0705.jpg 0.15033 0.20752 0.63889 0.79902 0.53431 0.52941 0.50327 0.35948
TI1K_IMAGE_0706.jpg 0.19771 0.25000 0.62255 0.77941 0.52778 0.52778 0.49673 0.38399
TI1K_IMAGE_0707.jpg 0.09477 0.22712 0.64542 0.87745 0.52778 0.52778 0.49673 0.39869
TI1K_IMAGE_0708.jpg 0.11275 0.27288 0.63072 0.90359 0.52288 0.53922 0.49510 0.41340
TI1K_IMAGE_0709.jpg 0.07680 0.22222 0.63725 0.86765 0.51797 0.53105 0.49673 0.41830
TI1K_IMAGE_0710.jpg 0.06209 0.24183 0.62582 0.84804 0.51307 0.53922 0.49510 0.42320
TI1K_IMAGE_0711.jpg 0.06046 0.27124 0.65196 0.87418 0.51634 0.54085 0.48529 0.43791
TI1K_IMAGE_0712.jpg 0.09641 0.23203 0.62908 0.88725 0.51307 0.54575 0.49346 0.43301
TI1K_IMAGE_0713.jpg 0.16830 0.26634 0.61111 0.84314 0.52288 0.54085 0.48366 0.41830
TI1K_IMAGE_0714.jpg 0.06699 0.22712 0.63235 0.93791 0.52614 0.53595 0.48693 0.38725
TI1K_IMAGE_0715.jpg 0.09641 0.23856 0.60131 0.89542 0.53105 0.53431 0.48366 0.35294
TI1K_IMAGE_0716.jpg 0.08497 0.24346 0.65850 0.87908 0.53105 0.53758 0.49837 0.32843
TI1K_IMAGE_0717.jpg 0.13562 0.19281 0.61111 0.84641 0.54739 0.52451 0.49837 0.30556
TI1K_IMAGE_0718.jpg 0.14706 0.10621 0.69771 0.80556 0.56209 0.51634 0.50000 0.25817
TI1K_IMAGE_0719.jpg 0.13072 0.15196 0.62418 0.78431 0.56373 0.50654 0.50000 0.22712
TI1K_IMAGE_0720.jpg 0.14869 0.10131 0.66340 0.80392 0.56373 0.50490 0.51961 0.20588
TI1K_IMAGE_0721.jpg 0.18301 0.08987 0.67647 0.74346 0.57026 0.49346 0.50490 0.20261
TI1K_IMAGE_0722.jpg 0.14052 0.08007 0.72876 0.79085 0.57843 0.47549 0.51307 0.17810
TI1K_IMAGE_0723.jpg 0.13562 0.06209 0.72712 0.76797 0.57680 0.47712 0.52614 0.15523
TI1K_IMAGE_0724.jpg 0.18791 0.06373 0.65196 0.72222 0.58007 0.46405 0.53105 0.14706
TI1K_IMAGE_0725.jpg 0.13562 0.06046 0.66176 0.80882 0.58824 0.45752 0.52778 0.15686
TI1K_IMAGE_0726.jpg 0.15686 0.05719 0.65686 0.73693 0.58007 0.45098 0.52941 0.15523
TI1K_IMAGE_0727.jpg 0.13235 0.06209 0.70915 0.82026 0.57026 0.44771 0.51961 0.16340
TI1K_IMAGE_0728.jpg 0.12092 0.05719 0.68137 0.79412 0.56699 0.44608 0.52124 0.18954
TI1K_IMAGE_0729.jpg 0.13562 0.06046 0.69608 0.73529 0.57026 0.43137 0.52124 0.20588
TI1K_IMAGE_0730.jpg 0.18464 0.10621 0.65033 0.68954 0.57026 0.42157 0.52288 0.22549
TI1K_IMAGE_0731.jpg 0.17320 0.10131 0.67810 0.74020 0.55882 0.39869 0.52614 0.24346
TI1K_IMAGE_0732.jpg 0.12582 0.07353 0.63235 0.77614 0.56046 0.38399 0.53268 0.24510
TI1K_IMAGE_0733.jpg 0.17157 0.10458 0.61765 0.73366 0.56046 0.39052 0.53105 0.25654
TI1K_IMAGE_0734.jpg 0.14379 0.11601 0.67647 0.76797 0.55882 0.36928 0.52778 0.26471
TI1K_IMAGE_0735.jpg 0.15850 0.11765 0.62582 0.71078 0.54575 0.36601 0.50980 0.26307
TI1K_IMAGE_0736.jpg 0.10458 0.07190 0.66667 0.81536 0.54248 0.36601 0.51307 0.26961
TI1K_IMAGE_0737.jpg 0.11765 0.08497 0.65196 0.76634 0.53758 0.36928 0.51144 0.27614
TI1K_IMAGE_0738.jpg 0.14379 0.09804 0.60458 0.74837 0.53431 0.36765 0.51471 0.27451
TI1K_IMAGE_0739.jpg 0.15523 0.11928 0.63725 0.71732 0.54412 0.37418 0.50654 0.26797
TI1K_IMAGE_0740.jpg 0.12418 0.09641 0.65686 0.78595 0.54085 0.39216 0.52614 0.28431
TI1K_IMAGE_0741.jpg 0.15196 0.08987 0.64542 0.77778 0.54575 0.40033 0.51471 0.28758
TI1K_IMAGE_0742.jpg 0.10784 0.07353 0.65359 0.75490 0.54575 0.41830 0.51471 0.26471
TI1K_IMAGE_0743.jpg 0.13889 0.09804 0.68301 0.78431 0.54739 0.43137 0.51144 0.24346
TI1K_IMAGE_0744.jpg 0.17157 0.06863 0.68137 0.78431 0.56373 0.44608 0.51307 0.22549
TI1K_IMAGE_0745.jpg 0.13399 0.07353 0.64216 0.77124 0.57026 0.46732 0.51144 0.21078
TI1K_IMAGE_0746.jpg 0.09804 0.06373 0.67810 0.83007 0.56863 0.49346 0.50817 0.20915
TI1K_IMAGE_0747.jpg 0.14869 0.05882 0.69935 0.85621 0.58333 0.50490 0.51797 0.20915
TI1K_IMAGE_0748.jpg 0.13235 0.08497 0.66830 0.78595 0.58007 0.50654 0.53268 0.21732
TI1K_IMAGE_0749.jpg 0.14869 0.09967 0.65686 0.83497 0.57843 0.50817 0.53595 0.21732
TI1K_IMAGE_0750.jpg 0.10458 0.07190 0.68627 0.88235 0.59314 0.49510 0.53595 0.22549
TI1K_IMAGE_0751.jpg 0.19281 0.30392 0.58987 0.77778 0.53431 0.53595 0.51471 0.44281
TI1K_IMAGE_0752.jpg 0.13399 0.31536 0.64216 0.81536 0.52778 0.53431 0.51961 0.45915
TI1K_IMAGE_0753.jpg 0.16340 0.39542 0.61928 0.81209 0.52614 0.55392 0.50980 0.47222
TI1K_IMAGE_0754.jpg 0.19608 0.37582 0.59804 0.81373 0.52288 0.57026 0.51307 0.48203
TI1K_IMAGE_0755.jpg 0.16176 0.35784 0.60948 0.83170 0.51961 0.57516 0.50817 0.48039
TI1K_IMAGE_0756.jpg 0.15359 0.32516 0.63725 0.81863 0.51634 0.57026 0.50654 0.48529
TI1K_IMAGE_0757.jpg 0.18627 0.30065 0.57843 0.79902 0.51634 0.57516 0.49346 0.48693
TI1K_IMAGE_0758.jpg 0.14216 0.35458 0.59967 0.82843 0.50980 0.58170 0.49510 0.48856
TI1K_IMAGE_0759.jpg 0.15033 0.35131 0.58170 0.83497 0.50000 0.57843 0.48366 0.49020
TI1K_IMAGE_0760.jpg 0.16503 0.35948 0.57680 0.84150 0.49837 0.58660 0.48366 0.49183
TI1K_IMAGE_0761.jpg 0.16993 0.39216 0.58660 0.81699 0.49510 0.58497 0.48693 0.49510
TI1K_IMAGE_0762.jpg 0.16340 0.37255 0.56699 0.79575 0.49510 0.58824 0.48529 0.49020
TI1K_IMAGE_0763.jpg 0.16503 0.37092 0.57353 0.80882 0.50490 0.58824 0.48203 0.49510
TI1K_IMAGE_0764.jpg 0.13889 0.35784 0.60131 0.86111 0.51471 0.59641 0.48203 0.49673
TI1K_IMAGE_0765.jpg 0.16993 0.34150 0.64216 0.82680 0.52941 0.60621 0.48366 0.48693
TI1K_IMAGE_0766.jpg 0.14216 0.34150 0.63235 0.81209 0.55719 0.62255 0.48366 0.46242
TI1K_IMAGE_0767.jpg 0.17810 0.32680 0.63072 0.78758 0.55882 0.64216 0.48366 0.43627
TI1K_IMAGE_0768.jpg 0.18464 0.32680 0.66340 0.80719 0.56373 0.65359 0.47876 0.42647
TI1K_IMAGE_0769.jpg 0.16013 0.31373 0.65196 0.86765 0.55719 0.66013 0.47386 0.40850
TI1K_IMAGE_0770.jpg 0.09967 0.28268 0.64706 0.88235 0.56046 0.65359 0.47712 0.39216
TI1K_IMAGE_0771.jpg 0.09641 0.22549 0.64542 0.87255 0.54739 0.63562 0.48366 0.35948
TI1K_IMAGE_0772.jpg 0.16830 0.27451 0.64706 0.88399 0.53105 0.61601 0.47549 0.36438
TI1K_IMAGE_0773.jpg 0.15686 0.29902 0.59477 0.83987 0.50980 0.61111 0.49837 0.37418
TI1K_IMAGE_0774.jpg 0.13072 0.33007 0.67320 0.85948 0.49673 0.62418 0.52451 0.41993
TI1K_IMAGE_0775.jpg 0.18137 0.36601 0.65523 0.88725 0.49346 0.62092 0.53758 0.47386
TI1K_IMAGE_0776.jpg 0.17974 0.39706 0.66830 0.85458 0.50817 0.63072 0.54902 0.51307
TI1K_IMAGE_0777.jpg 0.20261 0.38889 0.62418 0.86111 0.51961 0.65523 0.55556 0.53922
TI1K_IMAGE_0778.jpg 0.12908 0.39706 0.68791 0.90850 0.54248 0.68301 0.54902 0.57026
TI1K_IMAGE_0779.jpg 0.18627 0.41830 0.62582 0.89216 0.55719 0.70098 0.54248 0.59641
TI1K_IMAGE_0780.jpg 0.18627 0.46569 0.63725 0.89542 0.57843 0.72386 0.54412 0.61111
TI1K_IMAGE_0781.jpg 0.25163 0.36111 0.74510 0.85294 0.65033 0.59641 0.59314 0.48856
TI1K_IMAGE_0782.jpg 0.30719 0.33170 0.69771 0.86438 0.63562 0.57516 0.58987 0.47386
TI1K_IMAGE_0783.jpg 0.27941 0.31536 0.72549 0.85294 0.61275 0.53758 0.58007 0.46078
TI1K_IMAGE_0784.jpg 0.23856 0.55392 0.65033 0.99510 0.56863 0.70261 0.47712 0.60131
TI1K_IMAGE_0785.jpg 0.16013 0.49020 0.62745 1.00000 0.54902 0.70915 0.47712 0.59314
TI1K_IMAGE_0786.jpg 0.16667 0.46732 0.63399 1.00000 0.53431 0.67647 0.47386 0.58987
TI1K_IMAGE_0787.jpg 0.16340 0.45098 0.64542 0.98856 0.53105 0.66667 0.44771 0.56699
TI1K_IMAGE_0788.jpg 0.11111 0.44935 0.62745 1.00000 0.51144 0.63725 0.44444 0.56699
TI1K_IMAGE_0789.jpg 0.10948 0.45425 0.59314 1.00000 0.50654 0.61765 0.44444 0.54085
TI1K_IMAGE_0790.jpg 0.12092 0.40033 0.56209 0.98366 0.49673 0.60948 0.42647 0.50817
TI1K_IMAGE_0791.jpg 0.20425 0.36438 0.62745 0.82026 0.56699 0.59150 0.53595 0.45752
TI1K_IMAGE_0792.jpg 0.17484 0.36928 0.63725 0.84641 0.55392 0.58333 0.54575 0.47712
TI1K_IMAGE_0793.jpg 0.16667 0.35784 0.62582 0.86765 0.56373 0.57843 0.54739 0.49837
TI1K_IMAGE_0794.jpg 0.15523 0.37908 0.62908 0.84804 0.56536 0.57843 0.54902 0.49346
TI1K_IMAGE_0795.jpg 0.21405 0.36275 0.64542 0.78431 0.56046 0.57353 0.54902 0.49346
TI1K_IMAGE_0796.jpg 0.19935 0.35458 0.63889 0.78595 0.56046 0.57190 0.56046 0.48856
TI1K_IMAGE_0797.jpg 0.16176 0.37582 0.66830 0.84477 0.56373 0.56863 0.55229 0.50000
TI1K_IMAGE_0798.jpg 0.23039 0.22876 0.72549 0.81373 0.62908 0.50980 0.58987 0.41503
TI1K_IMAGE_0799.jpg 0.13399 0.30065 0.67647 0.88399 0.55556 0.57516 0.54739 0.49020
TI1K_IMAGE_0800.jpg 0.17484 0.35948 0.61765 0.83824 0.55065 0.57190 0.53922 0.49020
TI1K_IMAGE_0801.jpg 0.15686 0.37418 0.62582 0.83824 0.54575 0.58007 0.53922 0.50980
TI1K_IMAGE_0802.jpg 0.16667 0.37908 0.62092 0.82353 0.54248 0.58170 0.53268 0.51471
TI1K_IMAGE_0803.jpg 0.16830 0.39542 0.62255 0.81373 0.54575 0.59477 0.53922 0.52451
TI1K_IMAGE_0804.jpg 0.16830 0.36765 0.63725 0.81863 0.54902 0.59477 0.53431 0.52941
TI1K_IMAGE_0805.jpg 0.16013 0.37582 0.64379 0.83170 0.56046 0.60621 0.54575 0.53268
TI1K_IMAGE_0806.jpg 0.19281 0.40033 0.63072 0.81373 0.55882 0.59967 0.54412 0.53595
TI1K_IMAGE_0807.jpg 0.14869 0.39379 0.61438 0.82516 0.55882 0.61765 0.54575 0.53268
TI1K_IMAGE_0808.jpg 0.16667 0.37745 0.63399 0.85784 0.55719 0.61765 0.54412 0.53105
TI1K_IMAGE_0809.jpg 0.12418 0.37582 0.64052 0.83497 0.55229 0.61275 0.52778 0.53758
TI1K_IMAGE_0810.jpg 0.14542 0.36765 0.61438 0.80392 0.54902 0.60294 0.53758 0.53922
TI1K_IMAGE_0811.jpg 0.17157 0.40850 0.60621 0.86765 0.54085 0.62092 0.52124 0.53268
TI1K_IMAGE_0812.jpg 0.14052 0.38235 0.60131 0.82190 0.54085 0.60294 0.52451 0.52778
TI1K_IMAGE_0813.jpg 0.13399 0.39216 0.60458 0.83333 0.54575 0.59967 0.52124 0.52778
TI1K_IMAGE_0814.jpg 0.14379 0.36275 0.60294 0.82680 0.53758 0.59314 0.51961 0.50163
TI1K_IMAGE_0815.jpg 0.12582 0.33987 0.59804 0.83987 0.54739 0.59314 0.52124 0.48529
TI1K_IMAGE_0816.jpg 0.16340 0.33333 0.62582 0.78922 0.54739 0.59804 0.52124 0.47386
TI1K_IMAGE_0817.jpg 0.12255 0.35458 0.63235 0.84477 0.55392 0.60294 0.51144 0.43627
TI1K_IMAGE_0818.jpg 0.15033 0.32026 0.64216 0.84314 0.57516 0.60784 0.51961 0.42647
TI1K_IMAGE_0819.jpg 0.16013 0.30556 0.63889 0.82680 0.56536 0.61275 0.52288 0.42647
TI1K_IMAGE_0820.jpg 0.16340 0.34804 0.63235 0.82680 0.56209 0.61928 0.50654 0.42484
TI1K_IMAGE_0821.jpg 0.17647 0.33660 0.65196 0.85948 0.58007 0.60784 0.51144 0.42810
TI1K_IMAGE_0822.jpg 0.11928 0.30719 0.64052 0.84804 0.56536 0.59477 0.51961 0.43627
TI1K_IMAGE_0823.jpg 0.15850 0.33007 0.64052 0.78105 0.55229 0.58824 0.51307 0.46242
TI1K_IMAGE_0824.jpg 0.20915 0.33497 0.60784 0.80556 0.53922 0.57843 0.49837 0.46405
TI1K_IMAGE_0825.jpg 0.09314 0.31863 0.61111 0.90686 0.53268 0.56209 0.50000 0.47059
TI1K_IMAGE_0826.jpg 0.12745 0.35131 0.61601 0.85621 0.53431 0.55229 0.50000 0.47222
TI1K_IMAGE_0827.jpg 0.17974 0.36765 0.58987 0.88725 0.52451 0.54902 0.48856 0.47386
TI1K_IMAGE_0828.jpg 0.10784 0.35621 0.58333 0.87092 0.50980 0.54248 0.48529 0.48203
TI1K_IMAGE_0829.jpg 0.12255 0.32026 0.58170 0.80882 0.50490 0.53758 0.47712 0.48039
TI1K_IMAGE_0830.jpg 0.14379 0.33987 0.55719 0.84314 0.49510 0.54248 0.47222 0.48693
TI1K_IMAGE_0831.jpg 0.10621 0.31536 0.58170 0.86275 0.49510 0.53105 0.47059 0.48529
TI1K_IMAGE_0832.jpg 0.09150 0.31209 0.58497 0.87582 0.49837 0.52288 0.46078 0.47059
TI1K_IMAGE_0833.jpg 0.11765 0.28922 0.57516 0.87255 0.50000 0.53268 0.46732 0.47222
TI1K_IMAGE_0834.jpg 0.12908 0.31209 0.56209 0.84641 0.48856 0.54739 0.45425 0.46732
TI1K_IMAGE_0835.jpg 0.07680 0.30882 0.60131 0.88562 0.49673 0.56046 0.45588 0.45915
TI1K_IMAGE_0836.jpg 0.09150 0.30392 0.60131 0.87745 0.50654 0.55065 0.45915 0.44771
TI1K_IMAGE_0837.jpg 0.10294 0.34150 0.60294 0.86928 0.52124 0.56373 0.44935 0.42647
TI1K_IMAGE_0838.jpg 0.09314 0.31536 0.58660 0.80229 0.52778 0.57190 0.45915 0.40686
TI1K_IMAGE_0839.jpg 0.11601 0.26307 0.62092 0.85458 0.52941 0.59314 0.44771 0.37255
TI1K_IMAGE_0840.jpg 0.11275 0.24183 0.59804 0.86928 0.53431 0.61275 0.43301 0.34477
TI1K_IMAGE_0841.jpg 0.09314 0.20098 0.71895 0.85948 0.61765 0.58660 0.51961 0.33824
TI1K_IMAGE_0842.jpg 0.13889 0.24673 0.69935 0.83824 0.60948 0.57026 0.52941 0.34967
TI1K_IMAGE_0843.jpg 0.15033 0.23693 0.67810 0.85294 0.60294 0.56536 0.53431 0.37908
TI1K_IMAGE_0844.jpg 0.10948 0.23693 0.70425 0.87908 0.60131 0.54902 0.54085 0.38562
TI1K_IMAGE_0845.jpg 0.14869 0.25980 0.65850 0.79575 0.59641 0.56209 0.53922 0.40196
TI1K_IMAGE_0846.jpg 0.13562 0.26144 0.69444 0.86928 0.59477 0.54575 0.54412 0.41176
TI1K_IMAGE_0847.jpg 0.10294 0.23693 0.71078 0.87255 0.59804 0.55065 0.55392 0.43301
TI1K_IMAGE_0848.jpg 0.15850 0.27941 0.67484 0.81536 0.59804 0.53922 0.54575 0.43137
TI1K_IMAGE_0849.jpg 0.16013 0.30229 0.69118 0.84314 0.59967 0.54248 0.54412 0.42974
TI1K_IMAGE_0850.jpg 0.14706 0.30229 0.73203 0.85948 0.60131 0.53431 0.54902 0.44444
TI1K_IMAGE_0851.jpg 0.15523 0.30556 0.67647 0.84967 0.59150 0.53595 0.54902 0.45752
TI1K_IMAGE_0852.jpg 0.18627 0.32026 0.66667 0.83824 0.60948 0.54085 0.56046 0.45915
TI1K_IMAGE_0853.jpg 0.11275 0.26961 0.67157 0.88235 0.59477 0.54902 0.55392 0.45098
TI1K_IMAGE_0854.jpg 0.14706 0.26961 0.69608 0.85294 0.59804 0.54085 0.55556 0.45752
TI1K_IMAGE_0855.jpg 0.13725 0.28431 0.70098 0.86765 0.60131 0.54085 0.55882 0.44608
TI1K_IMAGE_0856.jpg 0.15196 0.29085 0.67810 0.85621 0.60784 0.54248 0.56536 0.43627
TI1K_IMAGE_0857.jpg 0.14542 0.26961 0.68627 0.84967 0.60621 0.53595 0.56209 0.41993
TI1K_IMAGE_0858.jpg 0.11765 0.26471 0.73693 0.87255 0.60948 0.53758 0.55882 0.40523
TI1K_IMAGE_0859.jpg 0.15359 0.26634 0.68954 0.83660 0.60948 0.53595 0.56699 0.40196
TI1K_IMAGE_0860.jpg 0.13072 0.25163 0.68301 0.85131 0.61275 0.53268 0.56046 0.39052
TI1K_IMAGE_0861.jpg 0.15196 0.24183 0.68954 0.84804 0.61111 0.52288 0.55556 0.37255
TI1K_IMAGE_0862.jpg 0.13399 0.20098 0.68954 0.84477 0.60458 0.51961 0.55719 0.37255
TI1K_IMAGE_0863.jpg 0.13072 0.20588 0.71078 0.84150 0.61765 0.51634 0.56209 0.38399
TI1K_IMAGE_0864.jpg 0.16667 0.25000 0.68301 0.81373 0.61601 0.51471 0.56209 0.37745
TI1K_IMAGE_0865.jpg 0.14052 0.22876 0.71242 0.86601 0.61765 0.50817 0.55882 0.37255
TI1K_IMAGE_0866.jpg 0.13072 0.22712 0.70588 0.83333 0.61928 0.50163 0.56373 0.36601
TI1K_IMAGE_0867.jpg 0.15523 0.24020 0.69935 0.80556 0.61765 0.50817 0.57026 0.37418
TI1K_IMAGE_0868.jpg 0.19118 0.24837 0.67484 0.77124 0.61928 0.52124 0.57190 0.37418
TI1K_IMAGE_0869.jpg 0.11275 0.19771 0.72386 0.86601 0.62255 0.50817 0.57026 0.37418
TI1K_IMAGE_0870.jpg 0.17974 0.28431 0.66013 0.82516 0.60784 0.51307 0.55882 0.37092
TI1K_IMAGE_0871.jpg 0.14869 0.24183 0.68791 0.83333 0.61111 0.51307 0.55229 0.37908
TI1K_IMAGE_0872.jpg 0.40523 0.30229 0.93791 0.96895 0.52778 0.73039 0.65850 0.39869
TI1K_IMAGE_0873.jpg 0.25327 0.21242 0.86928 0.92484 0.38725 0.65196 0.59150 0.30556
TI1K_IMAGE_0874.jpg 0.29085 0.11438 0.99510 0.99837 0.44118 0.80229 0.63072 0.19118
TI1K_IMAGE_0875.jpg 0.36928 0.11928 1.00000 0.91176 0.44771 0.76307 0.64542 0.18627
TI1K_IMAGE_0876.jpg 0.33170 0.08007 1.00000 0.96895 0.45425 0.75327 0.65359 0.17974
TI1K_IMAGE_0877.jpg 0.33824 0.05719 1.00000 1.00000 0.46405 0.70588 0.66013 0.16667
TI1K_IMAGE_0878.jpg 0.34314 0.08007 0.96242 0.88235 0.46732 0.69281 0.66503 0.15359
TI1K_IMAGE_0879.jpg 0.32843 0.08170 0.97712 0.87092 0.46569 0.66340 0.66503 0.16013
TI1K_IMAGE_0880.jpg 0.34314 0.09967 1.00000 0.81209 0.47712 0.63399 0.66013 0.15686
TI1K_IMAGE_0881.jpg 0.45588 0.29739 0.99837 0.85294 0.56373 0.53758 0.60621 0.42647
TI1K_IMAGE_0882.jpg 0.47059 0.28922 0.99183 0.88072 0.57516 0.52124 0.61765 0.44118
TI1K_IMAGE_0883.jpg 0.46242 0.32843 1.00000 0.86765 0.56536 0.51634 0.60294 0.44935
TI1K_IMAGE_0884.jpg 0.47059 0.29739 1.00000 0.90850 0.56699 0.51797 0.59641 0.43791
TI1K_IMAGE_0885.jpg 0.29575 0.17974 0.88725 0.97386 0.37908 0.62418 0.62745 0.27614
TI1K_IMAGE_0886.jpg 0.46895 0.28268 1.00000 0.90196 0.57353 0.51144 0.59804 0.44771
TI1K_IMAGE_0887.jpg 0.48693 0.29739 1.00000 0.92810 0.57516 0.51797 0.60294 0.44444
TI1K_IMAGE_0888.jpg 0.51634 0.33497 1.00000 0.89706 0.58170 0.52288 0.59967 0.44771
TI1K_IMAGE_0889.jpg 0.50654 0.31863 0.94935 0.79902 0.58007 0.50980 0.60294 0.44935
TI1K_IMAGE_0890.jpg 0.48529 0.33660 0.95915 0.79085 0.58824 0.50490 0.60784 0.44118
TI1K_IMAGE_0891.jpg 0.48856 0.30392 1.00000 0.86765 0.58660 0.50817 0.60784 0.44608
TI1K_IMAGE_0892.jpg 0.51144 0.26797 1.00000 0.86601 0.59314 0.50000 0.60458 0.44444
TI1K_IMAGE_0893.jpg 0.48203 0.29575 0.96242 0.81373 0.58987 0.50327 0.60621 0.44118
TI1K_IMAGE_0894.jpg 0.49020 0.29575 0.99510 0.81863 0.58333 0.50000 0.59804 0.43301
TI1K_IMAGE_0895.jpg 0.45915 0.28595 0.97712 0.84150 0.57843 0.50327 0.59477 0.41993
TI1K_IMAGE_0896.jpg 0.29902 0.19771 0.91013 0.94608 0.39706 0.61275 0.64379 0.28105
TI1K_IMAGE_0897.jpg 0.45752 0.31863 0.94935 0.82516 0.55392 0.51797 0.59967 0.41503
TI1K_IMAGE_0898.jpg 0.42484 0.32026 0.99020 0.87092 0.52124 0.55229 0.59641 0.38235
TI1K_IMAGE_0899.jpg 0.32843 0.19281 1.00000 0.93464 0.48039 0.59314 0.58497 0.35458
TI1K_IMAGE_0900.jpg 0.37908 0.18954 0.98529 0.91993 0.48529 0.59967 0.58333 0.31863
TI1K_IMAGE_0901.jpg 0.04412 0.24183 0.52941 0.95752 0.44444 0.69608 0.36275 0.32680
TI1K_IMAGE_0902.jpg 0.01961 0.19444 0.53105 0.98039 0.43627 0.70915 0.33660 0.29575
TI1K_IMAGE_0903.jpg 0.00980 0.19935 0.53758 0.99020 0.42157 0.70261 0.32516 0.28105
TI1K_IMAGE_0904.jpg 0.01471 0.18464 0.50817 0.98693 0.42320 0.70915 0.31863 0.28922
TI1K_IMAGE_0905.jpg 0.00654 0.17647 0.52451 0.98039 0.40196 0.68137 0.30882 0.28922
TI1K_IMAGE_0906.jpg 0.01307 0.25817 0.48203 0.99183 0.37908 0.67647 0.29902 0.34314
TI1K_IMAGE_0907.jpg 0.00163 0.26961 0.43464 0.97386 0.36765 0.66667 0.30229 0.37092
TI1K_IMAGE_0908.jpg 0.16830 0.34804 0.56863 0.87745 0.50490 0.56699 0.48366 0.48366
TI1K_IMAGE_0909.jpg 0.00000 0.28268 0.41993 1.00000 0.35621 0.64216 0.30392 0.42810
TI1K_IMAGE_0910.jpg 0.00327 0.28268 0.42974 1.00000 0.34314 0.63399 0.30392 0.46569
TI1K_IMAGE_0911.jpg 0.06536 0.19935 0.58007 0.85621 0.50163 0.60948 0.45261 0.28922
TI1K_IMAGE_0912.jpg 0.12582 0.21405 0.62582 0.86765 0.55065 0.60458 0.51471 0.29248
TI1K_IMAGE_0913.jpg 0.09314 0.18464 0.56699 0.79575 0.49183 0.49673 0.45425 0.29412
TI1K_IMAGE_0914.jpg 0.08987 0.24673 0.58170 0.95752 0.50654 0.57516 0.47059 0.34967
TI1K_IMAGE_0915.jpg 0.16667 0.30229 0.59804 0.83824 0.51961 0.64542 0.47549 0.36765
TI1K_IMAGE_0916.jpg 0.25000 0.36275 0.66830 0.87255 0.59150 0.56863 0.57680 0.50490
TI1K_IMAGE_0917.jpg 0.27451 0.37255 0.66176 0.85621 0.58987 0.58170 0.57843 0.50817
TI1K_IMAGE_0918.jpg 0.16993 0.27124 0.61275 0.88235 0.52778 0.65850 0.47222 0.33333
TI1K_IMAGE_0919.jpg 0.28268 0.37582 0.65359 0.86111 0.58824 0.58333 0.58007 0.49837
TI1K_IMAGE_0920.jpg 0.25980 0.35458 0.68301 0.87908 0.60131 0.58660 0.58007 0.48203
TI1K_IMAGE_0921.jpg 0.09641 0.42810 0.64869 1.00000 0.58007 0.96242 0.50327 0.53922
TI1K_IMAGE_0922.jpg 0.08987 0.40359 0.62908 1.00000 0.56699 0.95098 0.49346 0.52124
TI1K_IMAGE_0923.jpg 0.06699 0.41176 0.64052 1.00000 0.56699 0.92974 0.49510 0.51144
TI1K_IMAGE_0924.jpg 0.09314 0.39379 0.62908 1.00000 0.56373 0.88889 0.49346 0.50654
TI1K_IMAGE_0925.jpg 0.08007 0.34314 0.64379 1.00000 0.56046 0.83824 0.49673 0.49673
TI1K_IMAGE_0926.jpg 0.08497 0.33824 0.64052 1.00000 0.54575 0.80556 0.50163 0.51634
TI1K_IMAGE_0927.jpg 0.06209 0.37745 0.66340 1.00000 0.53758 0.75817 0.49673 0.52451
TI1K_IMAGE_0928.jpg 0.06699 0.35621 0.61928 1.00000 0.53268 0.72222 0.48366 0.52941
TI1K_IMAGE_0929.jpg 0.11275 0.38889 0.59477 1.00000 0.52614 0.71078 0.48693 0.52614
TI1K_IMAGE_0930.jpg 0.07353 0.37092 0.62092 1.00000 0.52778 0.69444 0.49510 0.54085
TI1K_IMAGE_0931.jpg 0.16503 0.25817 0.64869 0.82353 0.51961 0.66340 0.47712 0.37418
TI1K_IMAGE_0932.jpg 0.18791 0.29739 0.63889 0.80065 0.52124 0.66013 0.47549 0.36765
TI1K_IMAGE_0933.jpg 0.19771 0.28431 0.60294 0.79739 0.52778 0.65359 0.48039 0.36765
TI1K_IMAGE_0934.jpg 0.18627 0.27124 0.61111 0.78922 0.52941 0.64869 0.48203 0.35621
TI1K_IMAGE_0935.jpg 0.16340 0.25490 0.62582 0.82026 0.52778 0.64542 0.48529 0.35621
TI1K_IMAGE_0936.jpg 0.20098 0.23366 0.60948 0.79248 0.54248 0.63235 0.49510 0.34641
TI1K_IMAGE_0937.jpg 0.15850 0.25163 0.60948 0.79575 0.54412 0.63235 0.49510 0.35131
TI1K_IMAGE_0938.jpg 0.18301 0.28758 0.60621 0.79412 0.53595 0.61928 0.49510 0.35621
TI1K_IMAGE_0939.jpg 0.20425 0.30229 0.60458 0.81373 0.53922 0.61111 0.49673 0.37582
TI1K_IMAGE_0940.jpg 0.18301 0.31863 0.61601 0.79739 0.53431 0.59477 0.50654 0.40196
TI1K_IMAGE_0941.jpg 0.07353 0.24510 0.57026 0.84804 0.48856 0.65850 0.42157 0.33007
TI1K_IMAGE_0942.jpg 0.06209 0.23529 0.57190 0.87908 0.45098 0.64706 0.43137 0.33660
TI1K_IMAGE_0943.jpg 0.07353 0.25980 0.55719 0.90196 0.47712 0.65850 0.41667 0.33987
TI1K_IMAGE_0944.jpg 0.09314 0.23529 0.56699 0.84967 0.47549 0.65523 0.41503 0.33824
TI1K_IMAGE_0945.jpg 0.05882 0.22549 0.57843 0.82843 0.47876 0.64379 0.42157 0.32190
TI1K_IMAGE_0946.jpg 0.07353 0.24673 0.57026 0.86601 0.47222 0.65686 0.42320 0.32353
TI1K_IMAGE_0947.jpg 0.08170 0.24673 0.52614 0.84967 0.47222 0.66340 0.40850 0.33660
TI1K_IMAGE_0948.jpg 0.08007 0.24673 0.58660 0.90850 0.47059 0.66503 0.40686 0.32353
TI1K_IMAGE_0949.jpg 0.09804 0.25163 0.56863 0.87418 0.47222 0.66013 0.41667 0.33497
TI1K_IMAGE_0950.jpg 0.05882 0.21569 0.57843 0.88562 0.47386 0.65523 0.41503 0.32516
TI1K_IMAGE_0951.jpg 0.09150 0.25817 0.54902 0.84641 0.46569 0.66013 0.40850 0.33333
TI1K_IMAGE_0952.jpg 0.07026 0.26307 0.57353 0.87418 0.46895 0.67974 0.41830 0.33333
TI1K_IMAGE_0953.jpg 0.07190 0.22059 0.53758 0.84477 0.46242 0.66830 0.41993 0.33497
TI1K_IMAGE_0954.jpg 0.10131 0.26307 0.55556 0.85131 0.48039 0.66667 0.41993 0.34804
TI1K_IMAGE_0955.jpg 0.07843 0.24510 0.55229 0.86928 0.48203 0.66830 0.42647 0.33987
TI1K_IMAGE_0956.jpg 0.09477 0.20261 0.58987 0.88072 0.47549 0.68301 0.42484 0.34477
TI1K_IMAGE_0957.jpg 0.12908 0.21405 0.57026 0.85621 0.47059 0.66993 0.42647 0.34641
TI1K_IMAGE_0958.jpg 0.09641 0.23529 0.56046 0.84150 0.48529 0.67484 0.42647 0.34641
TI1K_IMAGE_0959.jpg 0.14216 0.25163 0.56699 0.81373 0.48203 0.67320 0.42320 0.34314
TI1K_IMAGE_0960.jpg 0.10294 0.24510 0.56536 0.84967 0.47876 0.66830 0.42484 0.33987
TI1K_IMAGE_0961.jpg 0.19118 0.17810 0.73039 0.80392 0.65686 0.54412 0.56209 0.31046
TI1K_IMAGE_0962.jpg 0.20098 0.19281 0.71569 0.83007 0.63399 0.54085 0.57026 0.34314
TI1K_IMAGE_0963.jpg 0.20425 0.20752 0.70425 0.87908 0.62745 0.53431 0.58007 0.37582
TI1K_IMAGE_0964.jpg 0.23039 0.25980 0.67484 0.78595 0.61111 0.52941 0.56863 0.39216
TI1K_IMAGE_0965.jpg 0.21569 0.27451 0.69281 0.79248 0.59477 0.52778 0.56536 0.42974
TI1K_IMAGE_0966.jpg 0.21569 0.32680 0.67647 0.77451 0.60131 0.53595 0.57026 0.45915
TI1K_IMAGE_0967.jpg 0.20752 0.32516 0.64706 0.86601 0.59967 0.54739 0.56536 0.45425
TI1K_IMAGE_0968.jpg 0.19608 0.28595 0.69118 0.82516 0.60294 0.54575 0.57026 0.45588
TI1K_IMAGE_0969.jpg 0.19935 0.32190 0.69444 0.80229 0.60621 0.57026 0.55882 0.44444
TI1K_IMAGE_0970.jpg 0.19281 0.29739 0.68627 0.81046 0.61765 0.59641 0.56373 0.42647
TI1K_IMAGE_0971.jpg 0.20261 0.25817 0.71078 0.83333 0.60784 0.59967 0.55392 0.39869
TI1K_IMAGE_0972.jpg 0.13072 0.20915 0.71732 0.82843 0.61438 0.62745 0.54248 0.36111
TI1K_IMAGE_0973.jpg 0.17810 0.23039 0.67810 0.76961 0.61275 0.62255 0.52451 0.33007
TI1K_IMAGE_0974.jpg 0.16176 0.24346 0.68954 0.77124 0.59967 0.62255 0.52614 0.31863
TI1K_IMAGE_0975.jpg 0.16830 0.21732 0.68627 0.80882 0.58824 0.58987 0.50980 0.31209
TI1K_IMAGE_0976.jpg 0.18464 0.22222 0.60948 0.77124 0.57353 0.56699 0.50654 0.31863
TI1K_IMAGE_0977.jpg 0.18627 0.28922 0.60948 0.76144 0.55229 0.53922 0.50490 0.37092
TI1K_IMAGE_0978.jpg 0.19281 0.31209 0.59477 0.75654 0.53758 0.53268 0.49837 0.39216
TI1K_IMAGE_0979.jpg 0.13072 0.29575 0.62582 0.81863 0.52288 0.52778 0.50000 0.41830
TI1K_IMAGE_0980.jpg 0.19771 0.29739 0.59804 0.75000 0.53431 0.52778 0.50327 0.42484
TI1K_IMAGE_0981.jpg 0.16176 0.16013 0.74346 0.91340 0.64216 0.59477 0.52941 0.27124
TI1K_IMAGE_0982.jpg 0.12418 0.13072 0.74510 0.90359 0.64869 0.59150 0.53105 0.26797
TI1K_IMAGE_0983.jpg 0.15686 0.19608 0.70915 0.84967 0.65359 0.59477 0.52941 0.28105
TI1K_IMAGE_0984.jpg 0.18791 0.20261 0.72386 0.84967 0.64706 0.59967 0.53268 0.28105
TI1K_IMAGE_0985.jpg 0.19281 0.20915 0.72059 0.86765 0.64542 0.59641 0.53268 0.26797
TI1K_IMAGE_0986.jpg 0.15850 0.17320 0.75327 0.87582 0.65196 0.60131 0.53268 0.28431
TI1K_IMAGE_0987.jpg 0.17810 0.19444 0.75000 0.86438 0.64216 0.60458 0.52124 0.28758
TI1K_IMAGE_0988.jpg 0.15196 0.19444 0.73693 0.89216 0.64379 0.60294 0.52614 0.28268
TI1K_IMAGE_0989.jpg 0.13889 0.22222 0.73693 0.88889 0.63889 0.59477 0.52451 0.29902
TI1K_IMAGE_0990.jpg 0.10131 0.18627 0.74837 0.87745 0.63235 0.59967 0.53105 0.29902
TI1K_IMAGE_0991.jpg 0.38889 0.09967 0.94444 0.76634 0.47386 0.62745 0.66503 0.17157
TI1K_IMAGE_0992.jpg 0.36765 0.07843 0.96405 0.81699 0.47712 0.60621 0.63562 0.18791
TI1K_IMAGE_0993.jpg 0.37745 0.10948 0.97876 0.80882 0.48856 0.59641 0.63235 0.22712
TI1K_IMAGE_0994.jpg 0.31046 0.21732 0.85131 0.91993 0.38725 0.64216 0.62582 0.28595
TI1K_IMAGE_0995.jpg 0.42974 0.14216 0.94118 0.77288 0.50000 0.59477 0.63889 0.23856
TI1K_IMAGE_0996.jpg 0.41993 0.16176 0.94444 0.84804 0.51471 0.58660 0.64379 0.25980
TI1K_IMAGE_0997.jpg 0.41993 0.17647 0.98366 0.90523 0.52451 0.58170 0.63235 0.30229
TI1K_IMAGE_0998.jpg 0.42974 0.19118 0.96242 0.77451 0.52614 0.58170 0.62582 0.31536
TI1K_IMAGE_0999.jpg 0.45588 0.24837 1.00000 0.83987 0.54739 0.56536 0.62908 0.36275
TI1K_IMAGE_1000.jpg 0.46405 0.27614 0.97059 0.81536 0.55556 0.54902 0.61438 0.40359